API de Renderizacao: WEBGPU
Cenario: D
Timestamp Unix de Inicio do Ensaio (ms): 1787279586874
Tempo de Carregamento Inicial (Assets + Draco): 7.30 segundos (7299.40 ms)
Taxa de Quadros (FPS) Media: 111.03 FPS
Taxa de Quadros (FPS) Minima (Pico de Engasgo): 0.30 FPS
Taxa de Quadros (FPS) Maxima: 232.56 FPS
Tempo de Frame Medio: 20.73 ms
Tempo de Frame Maximo: 3361.10 ms
Draw Calls Medio: 3393.0
Draw Calls Maximo: 6287
Geometrias na VRAM (final): 1334
Texturas na VRAM (final): 398
Total de Quadros Amostrados: 2895 frames

--- DADOS BRUTOS QUADRO A QUADRO ---
Tempo Decorrido (ms),FPS Instantaneo,Tempo de Frame (ms),Draw Calls,Geometrias,Texturas
3362,0.3,3361.10,499,1332,398
3637,3.6,275.00,501,1332,398
3650,75.2,13.30,503,1332,398
3756,9.4,105.90,505,1332,398
3871,8.7,115.60,507,1332,398
3985,8.8,113.30,509,1332,398
4086,9.8,101.60,511,1332,398
4193,9.4,106.90,513,1332,398
4304,9.0,110.50,515,1332,398
4415,9.0,111.70,517,1332,398
4526,9.1,110.20,519,1332,398
4634,9.2,108.30,521,1332,398
4743,9.1,109.50,523,1332,398
4853,9.1,110.00,525,1332,398
4963,9.1,110.00,527,1332,398
5055,10.9,91.50,529,1332,398
5159,9.6,104.20,531,1332,398
5266,9.3,107.10,533,1332,398
5368,9.9,101.30,535,1332,398
5951,1.7,583.90,537,1332,398
5966,68.5,14.60,539,1332,398
5975,109.9,9.10,541,1332,398
6059,12.0,83.40,543,1332,398
6147,11.3,88.60,545,1332,398
6235,11.4,87.90,547,1332,398
6318,12.0,83.10,549,1332,398
6413,10.5,94.80,551,1332,398
6492,12.6,79.50,553,1332,398
6567,13.4,74.80,555,1332,398
6644,13.0,76.80,557,1332,398
6721,13.0,77.10,559,1332,398
6804,12.0,83.10,561,1332,398
6887,12.1,82.80,563,1332,398
6973,11.7,85.80,565,1332,398
7082,9.1,109.50,567,1332,398
7175,10.9,92.10,569,1332,398
7253,12.8,78.00,571,1332,398
7343,11.1,90.00,573,1332,398
7421,12.7,78.80,575,1332,398
7501,12.6,79.30,577,1332,398
7580,12.7,78.90,579,1332,398
7658,12.8,78.00,581,1332,398
7737,12.6,79.50,583,1332,398
7831,10.6,93.90,585,1332,398
7931,10.0,100.10,587,1332,398
8022,11.0,91.30,589,1332,398
8102,12.6,79.60,591,1332,398
8179,13.0,77.00,593,1332,398
8259,12.6,79.50,595,1332,398
8339,12.4,80.80,597,1332,398
8437,10.2,97.80,599,1332,398
8541,9.7,103.50,601,1332,398
8638,10.2,97.80,603,1332,398
8719,12.5,80.20,605,1332,398
8798,12.5,79.70,607,1332,398
8887,11.3,88.80,609,1332,398
8967,12.5,79.70,611,1332,398
9051,11.9,84.10,613,1332,398
9130,12.6,79.50,615,1332,398
9208,12.8,78.10,617,1332,398
9287,12.7,78.70,619,1332,398
9366,12.6,79.10,621,1332,398
9445,12.7,78.60,623,1332,398
9523,12.9,77.70,625,1332,398
9602,12.6,79.50,627,1332,398
9679,13.0,76.70,629,1332,398
9755,13.1,76.50,631,1332,398
9843,11.4,87.90,633,1332,398
9940,10.3,97.00,635,1332,398
10026,11.7,85.50,637,1332,398
10104,12.9,77.80,639,1332,398
10180,13.1,76.40,641,1332,398
10256,13.1,76.40,643,1332,398
10333,13.0,77.00,645,1332,398
10409,13.2,75.60,647,1332,398
10487,12.9,77.60,649,1332,398
10562,13.3,75.40,651,1332,398
10637,13.4,74.80,653,1332,398
10711,13.5,73.90,655,1332,398
10806,10.5,95.40,657,1332,398
10893,11.4,87.40,659,1332,398
10968,13.4,74.80,661,1332,398
11048,12.6,79.60,663,1332,398
11123,13.3,75.20,665,1332,398
11197,13.6,73.80,667,1332,398
11270,13.6,73.50,669,1332,398
11345,13.4,74.50,671,1332,398
11416,14.1,71.10,673,1332,398
11491,13.4,74.60,675,1332,398
11562,13.9,71.80,677,1332,398
11634,13.9,71.70,679,1332,398
11706,13.9,71.90,681,1332,398
11775,14.4,69.50,683,1332,398
11859,12.0,83.30,685,1332,398
11945,11.6,86.30,687,1332,398
12024,12.7,78.80,689,1332,398
12100,13.2,75.80,691,1332,398
12171,14.0,71.50,693,1332,398
12243,13.9,71.80,695,1332,398
12314,14.1,71.00,697,1332,398
12385,14.1,70.80,699,1332,398
12459,13.6,73.80,701,1332,398
12530,14.0,71.40,703,1332,398
12611,12.4,80.50,705,1332,398
12702,11.0,91.20,707,1332,398
12792,11.1,90.10,709,1332,398
12870,12.9,77.50,711,1332,398
12959,11.2,89.00,713,1332,398
13040,12.3,81.10,715,1332,398
13114,13.5,73.90,717,1332,398
13187,13.7,73.20,719,1332,398
13259,13.8,72.30,721,1332,398
13332,13.6,73.40,723,1332,398
13405,13.8,72.70,725,1332,398
13478,13.7,73.10,727,1332,398
13550,13.9,71.80,729,1332,398
13625,13.3,75.30,731,1332,398
13700,13.3,75.10,733,1332,398
13775,13.4,74.80,735,1332,398
13859,12.0,83.50,737,1332,398
13949,11.0,90.70,739,1332,398
14034,11.8,84.70,741,1332,398
14109,13.3,75.30,743,1332,398
14185,13.2,75.80,745,1332,398
14259,13.5,74.10,747,1332,398
14335,13.2,75.50,749,1332,398
14419,11.8,84.60,751,1332,398
14495,13.2,75.60,753,1332,398
14571,13.2,76.00,755,1332,398
14648,13.0,76.80,757,1332,398
14725,13.0,76.80,759,1332,398
14798,13.6,73.50,761,1332,398
14882,11.9,84.10,763,1332,398
14959,13.0,76.70,765,1332,398
15036,12.9,77.40,767,1332,398
15132,10.5,95.10,769,1332,398
15213,12.3,81.20,771,1332,398
15294,12.4,80.80,773,1332,398
15375,12.3,81.20,775,1332,398
15456,12.3,81.60,777,1332,398
15535,12.7,79.00,779,1332,398
15616,12.4,80.60,781,1332,398
15694,12.8,78.20,783,1332,398
15775,12.3,81.10,785,1332,398
15866,11.1,90.30,787,1332,398
15948,12.2,82.10,789,1332,398
16035,11.4,87.70,791,1332,398
16114,12.8,78.40,793,1332,398
16191,13.0,76.80,795,1332,398
16268,12.9,77.70,797,1332,398
16346,13.0,77.10,799,1332,398
16426,12.5,80.00,801,1332,398
16505,12.6,79.60,803,1332,398
16582,13.0,76.90,805,1332,398
16660,12.8,78.40,807,1332,398
16739,12.7,78.50,809,1332,398
16817,12.7,78.50,811,1332,398
16923,9.5,105.20,813,1332,398
17028,9.5,105.70,815,1332,398
17132,9.6,103.90,817,1332,398
17210,12.8,78.10,819,1332,398
17308,10.2,97.70,821,1332,398
17387,12.7,78.60,823,1332,398
17467,12.4,80.40,825,1332,398
17548,12.4,80.50,827,1332,398
17627,12.6,79.60,829,1332,398
17708,12.4,80.40,831,1332,398
17786,12.7,78.80,833,1332,398
17884,10.3,97.30,835,1332,398
17966,12.1,82.80,837,1332,398
18055,11.2,88.90,839,1332,398
18135,12.5,79.70,841,1332,398
18213,12.8,78.40,843,1332,398
18294,12.4,80.60,845,1332,398
18373,12.7,78.70,847,1332,398
18451,12.8,77.90,849,1332,398
18531,12.5,80.10,851,1332,398
18610,12.6,79.20,853,1332,398
18688,12.8,78.20,855,1332,398
18768,12.5,80.30,857,1332,398
18854,11.7,85.70,859,1332,398
18953,10.1,99.00,861,1332,398
19047,10.6,94.30,863,1332,398
19126,12.7,78.80,865,1332,398
19202,13.2,75.80,867,1332,398
19278,13.1,76.40,869,1332,398
19366,11.5,87.10,871,1332,398
19495,7.7,129.40,873,1332,398
19595,10.0,100.50,875,1332,398
19678,12.1,82.60,877,1332,398
19762,12.0,83.50,879,1332,398
19857,10.5,95.20,881,1332,398
19973,8.6,116.70,883,1332,398
20091,8.5,117.50,885,1332,398
20208,8.5,117.40,887,1332,398
20314,9.5,105.50,889,1332,398
20396,12.1,82.50,891,1332,398
20511,8.7,114.90,893,1332,398
20612,10.0,100.30,895,1332,398
20715,9.7,103.10,897,1332,398
20815,10.0,100.00,899,1332,398
20954,7.2,138.90,901,1332,398
21046,10.8,92.70,903,1332,398
21169,8.1,122.70,905,1332,398
21314,6.9,145.10,907,1332,398
21456,7.1,141.80,909,1332,398
21555,10.1,98.80,911,1332,398
21661,9.4,106.20,913,1332,398
21769,9.3,107.80,915,1332,398
21887,8.5,118.10,917,1332,398
21981,10.6,94.40,919,1332,398
22074,10.8,92.70,921,1332,398
22169,10.5,95.60,923,1332,398
22255,11.7,85.50,925,1332,398
22356,9.9,100.70,927,1332,398
22460,9.6,103.90,929,1332,398
22577,8.5,117.80,931,1332,398
22667,11.1,90.10,933,1332,398
22756,11.4,88.10,935,1332,398
22868,8.9,112.20,937,1332,398
22962,10.6,93.90,939,1332,398
23069,9.3,107.40,941,1332,398
23180,9.0,110.50,943,1332,398
23289,9.1,109.50,945,1332,398
23415,7.9,126.20,947,1332,398
23496,12.4,80.60,949,1332,398
23575,12.6,79.60,951,1332,398
23695,8.4,119.40,953,1332,398
23728,29.9,33.50,955,1332,398
23775,21.3,46.90,957,1332,398
23838,15.9,62.80,959,1332,398
23886,20.7,48.20,961,1332,398
23968,12.2,81.90,963,1332,398
24067,10.1,98.80,965,1332,398
24140,13.8,72.60,967,1332,398
24169,34.0,29.40,969,1332,398
24203,29.2,34.20,971,1332,398
24252,20.3,49.20,973,1332,398
24290,26.8,37.30,975,1332,398
24320,32.9,30.40,977,1332,398
24364,22.8,43.80,979,1332,398
24401,27.1,36.90,981,1332,398
24434,30.5,32.80,983,1332,398
24481,20.9,47.80,985,1332,398
24511,33.2,30.10,987,1332,398
24543,31.3,31.90,989,1332,398
24574,32.9,30.40,991,1332,398
24606,31.4,31.80,993,1332,398
24639,29.8,33.60,995,1332,398
24676,27.2,36.70,997,1332,398
24706,33.6,29.80,999,1332,398
24760,18.6,53.90,1001,1332,398
24789,33.6,29.80,1003,1332,398
24819,34.1,29.30,1005,1332,398
24864,22.1,45.30,1007,1332,398
24916,19.2,52.20,1009,1332,398
24970,18.4,54.30,1011,1332,398
25016,22.0,45.50,1013,1332,398
25063,21.3,47.00,1015,1332,398
25093,33.0,30.30,1017,1332,398
25123,33.4,29.90,1019,1332,398
25152,34.2,29.20,1021,1332,398
25182,34.2,29.20,1023,1332,398
25213,32.2,31.10,1025,1332,398
25242,34.7,28.80,1027,1332,398
25270,35.5,28.20,1029,1332,398
25329,16.9,59.20,1031,1332,398
25387,17.4,57.60,1033,1332,398
25447,16.7,60.00,1035,1332,398
25504,17.3,57.90,1037,1332,398
25541,27.7,36.10,1039,1332,398
25572,32.2,31.10,1041,1332,398
25602,33.3,30.00,1043,1332,398
25637,28.6,35.00,1045,1332,398
25668,31.7,31.50,1047,1332,398
25697,34.6,28.90,1049,1332,398
25733,27.5,36.40,1051,1332,398
25767,30.2,33.10,1053,1332,398
25796,34.0,29.40,1055,1332,398
25835,25.9,38.60,1057,1332,398
25865,32.7,30.60,1059,1332,398
25924,17.1,58.50,1061,1332,398
25981,17.5,57.20,1063,1332,398
26021,24.8,40.40,1065,1332,398
26081,16.6,60.10,1067,1332,398
26117,28.0,35.70,1069,1332,398
26147,33.3,30.00,1071,1332,398
26179,31.3,31.90,1073,1332,398
26208,34.1,29.30,1075,1332,398
26248,25.3,39.60,1077,1332,398
26281,30.5,32.80,1079,1332,398
26311,32.8,30.50,1081,1332,398
26340,34.2,29.20,1083,1332,398
26372,31.3,31.90,1085,1332,398
26403,32.4,30.90,1087,1332,398
26463,16.7,59.90,1089,1332,398
26495,31.3,32.00,1091,1332,398
26525,33.4,29.90,1093,1332,398
26557,31.6,31.60,1095,1332,398
26588,31.9,31.30,1097,1332,398
26618,33.4,29.90,1099,1332,398
26650,31.0,32.30,1101,1332,398
26682,31.3,31.90,1103,1332,398
26713,32.7,30.60,1105,1332,398
26748,28.7,34.90,1107,1332,398
26787,25.4,39.40,1109,1332,398
26838,19.8,50.60,1111,1332,398
26909,13.9,71.70,1113,1332,398
26954,22.2,45.00,1115,1332,398
27028,13.5,74.20,1117,1332,398
27085,17.7,56.60,1119,1332,398
27119,29.3,34.10,1121,1332,398
27165,22.0,45.50,1123,1332,398
27199,29.4,34.00,1125,1332,398
27234,28.2,35.40,1127,1332,398
27268,29.4,34.00,1129,1332,398
27303,28.6,35.00,1131,1332,398
27334,32.5,30.80,1133,1332,398
27367,30.4,32.90,1135,1332,398
27401,29.1,34.40,1137,1332,398
27436,28.9,34.60,1139,1332,398
27470,29.2,34.30,1141,1332,398
27504,29.2,34.30,1143,1332,398
27537,31.0,32.30,1145,1332,398
27570,29.7,33.70,1147,1332,398
27603,31.0,32.30,1149,1332,398
27636,29.9,33.50,1151,1332,398
27672,27.7,36.10,1153,1332,398
27707,29.0,34.50,1155,1332,398
27741,29.5,33.90,1157,1332,398
27774,30.2,33.10,1159,1332,398
27806,31.0,32.30,1161,1332,398
27839,30.0,33.30,1163,1332,398
27893,18.6,53.80,1165,1332,398
27953,16.8,59.50,1167,1332,398
28018,15.3,65.40,1169,1332,398
28067,20.6,48.60,1171,1332,398
28128,16.4,60.90,1173,1332,398
28183,18.2,55.00,1175,1332,398
28220,27.0,37.00,1177,1332,398
28285,15.4,64.90,1179,1332,398
28318,29.8,33.60,1181,1332,398
28352,29.3,34.10,1183,1332,398
28386,29.4,34.00,1185,1332,398
28419,31.1,32.20,1187,1332,398
28452,29.5,33.90,1189,1332,398
28494,23.9,41.90,1191,1332,398
28540,22.1,45.20,1193,1332,398
28574,29.3,34.10,1195,1332,398
28606,30.9,32.40,1197,1332,398
28640,29.9,33.50,1199,1332,398
28676,27.3,36.60,1201,1332,398
28709,30.2,33.10,1203,1332,398
28742,30.3,33.00,1205,1332,398
28778,28.2,35.40,1207,1332,398
28811,29.7,33.70,1209,1332,398
28845,30.1,33.20,1211,1332,398
28879,28.7,34.90,1213,1332,398
28940,16.6,60.10,1215,1332,398
28973,29.6,33.80,1217,1332,398
29006,30.5,32.80,1219,1332,398
29039,30.1,33.20,1221,1332,398
29096,17.7,56.40,1223,1333,398
29130,29.7,33.70,1225,1334,398
29172,23.4,42.70,1227,1334,398
29206,30.0,33.30,1229,1334,398
29237,32.1,31.20,1231,1334,398
29270,30.1,33.20,1233,1334,398
29303,30.5,32.80,1235,1334,398
29342,25.7,38.90,1237,1334,398
29376,29.6,33.80,1239,1334,398
29408,30.6,32.70,1241,1334,398
29440,31.8,31.40,1243,1334,398
29476,27.2,36.70,1245,1334,398
29526,20.0,50.00,1247,1334,398
29587,16.4,61.00,1249,1334,398
29650,15.9,62.70,1251,1334,398
29712,16.1,62.30,1253,1334,398
29749,27.7,36.10,1255,1334,398
29780,31.5,31.70,1257,1334,398
29812,31.5,31.70,1259,1334,398
29843,32.4,30.90,1261,1334,398
29874,31.6,31.60,1263,1334,398
29925,19.8,50.60,1265,1334,398
29980,18.1,55.30,1267,1334,398
30037,17.8,56.30,1269,1334,398
30081,22.7,44.00,1271,1334,398
30118,26.5,37.80,1273,1334,398
30148,33.3,30.00,1275,1334,398
30183,28.7,34.90,1277,1334,398
30216,30.8,32.50,1279,1334,398
30247,31.6,31.60,1281,1334,398
30291,22.7,44.00,1283,1334,398
30348,17.6,56.70,1285,1334,398
30380,31.5,31.70,1287,1334,398
30410,32.8,30.50,1289,1334,398
30443,30.7,32.60,1291,1334,398
30474,31.8,31.40,1293,1334,398
30519,22.5,44.40,1295,1334,398
30550,32.3,31.00,1297,1334,398
30585,28.5,35.10,1299,1334,398
30615,32.7,30.60,1301,1334,398
30646,32.3,31.00,1303,1334,398
30679,30.6,32.70,1305,1334,398
30709,33.7,29.70,1307,1334,398
30740,31.8,31.40,1309,1334,398
30770,33.2,30.10,1311,1334,398
30801,33.1,30.20,1313,1334,398
30832,31.4,31.80,1315,1334,398
30863,32.4,30.90,1317,1334,398
30895,31.5,31.70,1319,1334,398
30942,21.5,46.60,1321,1334,398
30984,23.4,42.80,1323,1334,398
31015,33.0,30.30,1325,1334,398
31048,30.2,33.10,1327,1334,398
31092,22.6,44.20,1329,1334,398
31125,30.7,32.60,1331,1334,398
31160,28.5,35.10,1333,1334,398
31194,29.1,34.40,1335,1334,398
31225,32.4,30.90,1337,1334,398
31257,31.4,31.80,1339,1334,398
31288,32.6,30.70,1341,1334,398
31318,33.0,30.30,1343,1334,398
31348,32.8,30.50,1345,1334,398
31379,32.4,30.90,1347,1334,398
31410,32.9,30.40,1349,1334,398
31439,33.9,29.50,1351,1334,398
31472,30.6,32.70,1353,1334,398
31502,33.1,30.20,1355,1334,398
31536,29.9,33.50,1357,1334,398
31568,31.3,32.00,1359,1334,398
31598,32.6,30.70,1361,1334,398
31629,32.3,31.00,1363,1334,398
31664,29.1,34.40,1365,1334,398
31694,32.8,30.50,1367,1334,398
31730,28.0,35.70,1369,1334,398
31782,19.3,51.80,1371,1334,398
31817,28.7,34.80,1373,1334,398
31852,28.5,35.10,1375,1334,398
31881,33.9,29.50,1377,1334,398
31912,32.4,30.90,1379,1334,398
31967,18.1,55.30,1381,1334,398
32004,27.2,36.70,1383,1334,398
32041,27.2,36.70,1385,1334,398
32072,32.5,30.80,1387,1334,398
32113,24.4,41.00,1389,1334,398
32147,29.3,34.10,1391,1334,398
32178,31.6,31.60,1393,1334,398
32213,29.2,34.20,1395,1334,398
32243,33.4,29.90,1397,1334,398
32275,30.8,32.50,1399,1334,398
32310,28.9,34.60,1401,1334,398
32344,28.7,34.80,1403,1334,398
32376,32.2,31.10,1405,1334,398
32408,30.5,32.80,1407,1334,398
32440,31.9,31.30,1409,1334,398
32491,19.6,50.90,1411,1334,398
32532,24.2,41.40,1413,1334,398
32565,30.1,33.20,1415,1334,398
32601,27.6,36.20,1417,1334,398
32639,26.9,37.20,1419,1334,398
32673,28.7,34.90,1421,1334,398
32706,31.2,32.10,1423,1334,398
32738,30.7,32.60,1425,1334,398
32769,32.2,31.10,1427,1334,398
32802,31.0,32.30,1429,1334,398
32834,30.9,32.40,1431,1334,398
32865,31.7,31.50,1433,1334,398
32900,29.1,34.40,1435,1334,398
32942,23.5,42.60,1437,1334,398
32995,19.0,52.60,1439,1334,398
33051,17.9,56.00,1441,1334,398
33104,18.9,53.00,1443,1334,398
33144,24.8,40.40,1445,1334,398
33178,30.1,33.20,1447,1334,398
33209,31.7,31.50,1449,1334,398
33242,30.0,33.30,1451,1334,398
33273,32.5,30.80,1453,1334,398
33310,27.5,36.40,1455,1334,398
33347,26.7,37.40,1457,1334,398
33385,26.7,37.50,1459,1334,398
33419,29.1,34.40,1461,1334,398
33453,29.8,33.60,1463,1334,398
33486,30.0,33.30,1465,1334,398
33518,31.2,32.10,1467,1334,398
33549,32.3,31.00,1469,1334,398
33584,28.9,34.60,1471,1334,398
33616,30.9,32.40,1473,1334,398
33647,31.8,31.40,1475,1334,398
33686,26.0,38.40,1477,1334,398
33720,29.7,33.70,1479,1334,398
33750,32.7,30.60,1481,1334,398
33784,29.9,33.40,1483,1334,398
33817,30.3,33.00,1485,1334,398
33849,31.1,32.20,1487,1334,398
33882,30.0,33.30,1489,1334,398
33916,29.6,33.80,1491,1334,398
33969,18.7,53.50,1493,1334,398
34027,17.4,57.50,1495,1334,398
34081,18.4,54.30,1497,1334,398
34143,16.2,61.70,1499,1334,398
34204,16.3,61.20,1501,1334,398
34268,15.6,63.90,1503,1334,398
34331,15.8,63.10,1505,1334,398
34390,17.1,58.40,1507,1334,398
34423,29.7,33.70,1509,1334,398
34457,29.6,33.80,1511,1334,398
34494,27.3,36.60,1513,1334,398
34526,30.6,32.70,1515,1334,398
34560,30.2,33.10,1517,1334,398
34595,28.1,35.60,1519,1334,398
34644,20.4,48.90,1521,1334,398
34700,18.1,55.40,1523,1334,398
34733,29.8,33.60,1525,1334,398
34766,30.5,32.80,1527,1334,398
34803,27.2,36.80,1529,1334,398
34838,28.5,35.10,1531,1334,398
34872,29.2,34.20,1533,1334,398
34907,28.7,34.90,1535,1334,398
34945,26.2,38.20,1537,1334,398
35001,17.8,56.20,1539,1334,398
35039,26.7,37.40,1541,1334,398
35075,27.5,36.30,1543,1334,398
35123,20.8,48.10,1545,1334,398
35160,26.9,37.20,1547,1334,398
35196,28.1,35.60,1549,1334,398
35233,27.0,37.10,1551,1334,398
35292,16.9,59.00,1553,1334,398
35335,23.6,42.40,1555,1334,398
35368,29.9,33.40,1557,1334,398
35403,28.7,34.90,1559,1334,398
35438,28.8,34.70,1561,1334,398
35474,27.5,36.30,1563,1334,398
35509,28.7,34.90,1565,1334,398
35543,29.3,34.10,1567,1334,398
35577,29.7,33.70,1569,1334,398
35615,25.8,38.70,1571,1334,398
35647,31.2,32.10,1573,1334,398
35682,28.7,34.90,1575,1334,398
35716,30.0,33.30,1577,1334,398
35750,29.1,34.40,1579,1334,398
35782,31.1,32.20,1581,1334,398
35814,31.0,32.30,1583,1334,398
35848,29.8,33.60,1585,1334,398
35881,30.6,32.70,1587,1334,398
35914,30.2,33.10,1589,1334,398
35947,30.3,33.00,1591,1334,398
35998,19.5,51.30,1593,1334,398
36049,19.7,50.70,1595,1334,398
36096,21.3,46.90,1597,1334,398
36133,26.6,37.60,1599,1334,398
36175,23.8,42.10,1601,1334,398
36208,30.5,32.80,1603,1334,398
36245,27.5,36.30,1605,1334,398
36277,31.1,32.20,1607,1334,398
36308,31.9,31.30,1609,1334,398
36341,30.2,33.10,1611,1334,398
36373,31.5,31.70,1613,1334,398
36404,31.8,31.40,1615,1334,398
36440,27.9,35.90,1617,1334,398
36474,29.9,33.40,1619,1334,398
36505,31.5,31.70,1621,1334,398
36537,31.7,31.50,1623,1334,398
36570,29.9,33.50,1625,1334,398
36602,31.8,31.40,1627,1334,398
36636,29.1,34.40,1629,1334,398
36669,30.7,32.60,1631,1334,398
36705,27.2,36.70,1633,1334,398
36738,30.3,33.00,1635,1334,398
36770,31.7,31.50,1637,1334,398
36815,22.1,45.20,1639,1334,398
36863,21.0,47.70,1641,1334,398
36894,32.1,31.20,1643,1334,398
36925,31.9,31.30,1645,1334,398
36958,30.2,33.10,1647,1334,398
37005,21.6,46.20,1649,1334,398
37039,29.2,34.20,1651,1334,398
37068,34.0,29.40,1653,1334,398
37096,35.6,28.10,1655,1334,398
37124,36.0,27.80,1657,1334,398
37168,22.8,43.90,1659,1334,398
37196,36.1,27.70,1661,1334,398
37223,36.2,27.60,1663,1334,398
37251,36.4,27.50,1665,1334,398
37280,34.6,28.90,1667,1334,398
37307,36.6,27.30,1669,1334,398
37335,36.1,27.70,1671,1334,398
37363,35.5,28.20,1673,1334,398
37391,35.7,28.00,1675,1334,398
37418,36.2,27.60,1677,1334,398
37447,34.7,28.80,1679,1334,398
37486,25.5,39.20,1681,1334,398
37515,35.5,28.20,1683,1334,398
37544,33.9,29.50,1685,1334,398
37582,26.3,38.00,1687,1334,398
37613,32.3,31.00,1689,1334,398
37644,32.3,31.00,1691,1334,398
37676,31.1,32.20,1693,1334,398
37711,29.0,34.50,1695,1334,398
37743,30.9,32.40,1697,1334,398
37778,29.2,34.30,1699,1334,398
37813,28.4,35.20,1701,1334,398
37847,29.1,34.40,1703,1334,398
37883,28.1,35.60,1705,1334,398
37918,28.2,35.50,1707,1334,398
37955,26.9,37.20,1709,1334,398
38013,17.3,57.80,1711,1334,398
38076,15.8,63.10,1713,1334,398
38125,20.7,48.30,1715,1334,398
38179,18.4,54.30,1717,1334,398
38226,21.2,47.10,1719,1334,398
38263,27.0,37.00,1721,1334,398
38303,25.3,39.50,1723,1334,398
38345,23.9,41.90,1725,1334,398
38414,14.5,69.20,1727,1334,398
38485,14.0,71.20,1729,1334,398
38555,14.3,70.10,1731,1334,398
38625,14.4,69.50,1733,1334,398
38660,27.9,35.90,1735,1334,398
38699,25.7,38.90,1737,1334,398
38737,26.3,38.00,1739,1334,398
38778,24.6,40.70,1741,1334,398
38815,26.9,37.20,1743,1334,398
38858,23.3,43.00,1745,1334,398
38895,27.0,37.10,1747,1334,398
38937,23.8,42.10,1749,1334,398
38999,16.3,61.30,1751,1334,398
39064,15.4,65.00,1753,1334,398
39099,28.1,35.60,1755,1334,398
39135,28.3,35.30,1757,1334,398
39195,16.5,60.50,1759,1334,398
39233,26.2,38.10,1761,1334,398
39269,28.2,35.50,1763,1334,398
39304,28.6,35.00,1765,1334,398
39348,22.7,44.00,1767,1334,398
39384,27.9,35.80,1769,1334,398
39419,28.4,35.20,1771,1334,398
39460,24.0,41.60,1773,1334,398
39495,28.8,34.70,1775,1334,398
39532,26.9,37.20,1777,1334,398
39566,29.2,34.20,1779,1334,398
39600,30.1,33.20,1781,1334,398
39634,28.7,34.80,1783,1334,398
39668,29.8,33.60,1785,1334,398
39705,26.7,37.40,1787,1334,398
39738,31.0,32.30,1789,1334,398
39771,29.7,33.70,1791,1334,398
39805,30.0,33.30,1793,1334,398
39838,29.8,33.60,1795,1334,398
39872,29.6,33.80,1797,1334,398
39908,27.5,36.30,1799,1334,398
39942,29.9,33.50,1801,1334,398
39977,28.4,35.20,1803,1334,398
40039,16.3,61.50,1805,1334,398
40077,25.8,38.70,1807,1334,398
40113,27.9,35.80,1809,1334,398
40146,30.3,33.00,1811,1334,398
40198,19.1,52.30,1813,1334,398
40233,28.9,34.60,1815,1334,398
40270,27.3,36.60,1817,1334,398
40303,29.9,33.50,1819,1334,398
40337,29.2,34.20,1821,1334,398
40372,28.8,34.70,1823,1334,398
40407,28.6,35.00,1825,1334,398
40440,30.6,32.70,1827,1334,398
40477,27.1,36.90,1829,1334,398
40510,30.3,33.00,1831,1334,398
40553,23.1,43.20,1833,1334,398
40587,28.9,34.60,1835,1334,398
40622,28.6,35.00,1837,1334,398
40655,30.9,32.40,1839,1334,398
40690,28.4,35.20,1841,1334,398
40726,27.7,36.10,1843,1334,398
40759,30.8,32.50,1845,1334,398
40793,29.3,34.10,1847,1334,398
40826,30.5,32.80,1849,1334,398
40859,30.3,33.00,1851,1334,398
40891,30.5,32.80,1853,1334,398
40929,26.9,37.20,1855,1334,398
40934,169.5,5.90,1857,1334,398
40976,23.9,41.80,1859,1334,398
41033,17.7,56.60,1861,1334,398
41094,16.3,61.50,1863,1334,398
41138,22.8,43.80,1865,1334,398
41178,25.4,39.40,1867,1334,398
41240,15.9,62.90,1869,1334,398
41275,29.2,34.30,1871,1334,398
41312,26.7,37.50,1873,1334,398
41349,27.5,36.30,1875,1334,398
41384,28.6,35.00,1877,1334,398
41421,27.0,37.10,1879,1334,398
41462,24.0,41.70,1881,1334,398
41497,28.7,34.80,1883,1334,398
41532,28.8,34.70,1885,1334,398
41564,30.7,32.60,1887,1334,398
41599,29.2,34.30,1889,1334,398
41635,27.9,35.80,1891,1334,398
41668,30.1,33.20,1893,1334,398
41702,29.2,34.30,1895,1334,398
41740,26.3,38.00,1897,1334,398
41773,30.0,33.30,1899,1334,398
41807,29.7,33.70,1901,1334,398
41846,25.6,39.10,1903,1334,398
41904,17.4,57.40,1905,1334,398
41961,17.5,57.10,1907,1334,398
42021,16.6,60.20,1909,1334,398
42083,16.1,62.20,1911,1334,398
42122,25.6,39.00,1913,1334,398
42155,30.2,33.10,1915,1334,398
42195,24.9,40.20,1917,1334,398
42240,22.4,44.70,1919,1334,398
42275,28.5,35.10,1921,1334,398
42310,29.0,34.50,1923,1334,398
42342,31.2,32.10,1925,1334,398
42377,28.7,34.90,1927,1334,398
42412,28.4,35.20,1929,1334,398
42445,30.0,33.30,1931,1334,398
42481,28.0,35.70,1933,1334,398
42515,29.7,33.70,1935,1334,398
42549,29.2,34.30,1937,1334,398
42608,16.9,59.30,1939,1334,398
42671,16.0,62.40,1941,1334,398
42733,16.0,62.50,1943,1334,398
42796,16.0,62.60,1945,1334,398
42827,31.9,31.30,1947,1334,398
42860,30.7,32.60,1949,1334,398
42893,29.9,33.50,1951,1334,398
42926,30.2,33.10,1953,1334,398
42959,30.8,32.50,1955,1334,398
42993,29.3,34.10,1957,1334,398
43047,18.4,54.40,1959,1334,398
43101,18.5,54.20,1961,1334,398
43150,20.7,48.40,1963,1334,398
43180,32.6,30.70,1965,1334,398
43232,19.5,51.30,1967,1334,398
43264,31.1,32.20,1969,1334,398
43298,29.6,33.80,1971,1334,398
43332,29.2,34.30,1973,1334,398
43384,19.3,51.90,1975,1334,398
43429,22.3,44.90,1977,1334,398
43461,31.4,31.80,1979,1334,398
43495,29.0,34.50,1981,1334,398
43528,30.2,33.10,1983,1334,398
43560,31.9,31.30,1985,1334,398
43591,32.3,31.00,1987,1334,398
43622,31.6,31.60,1989,1334,398
43653,32.4,30.90,1991,1334,398
43685,31.7,31.50,1993,1334,398
43714,33.4,29.90,1995,1334,398
43748,29.5,33.90,1997,1334,398
43781,31.1,32.20,1999,1334,398
43817,27.5,36.40,2001,1334,398
43850,30.7,32.60,2003,1334,398
43890,24.6,40.60,2005,1334,398
43943,18.9,52.90,2007,1334,398
43974,32.2,31.10,2009,1334,398
44022,20.8,48.10,2011,1334,398
44068,22.0,45.40,2013,1334,398
44098,33.0,30.30,2015,1334,398
44129,32.2,31.10,2017,1334,398
44162,30.6,32.70,2019,1334,398
44198,27.4,36.50,2021,1334,398
44241,23.6,42.40,2023,1334,398
44272,32.2,31.10,2025,1334,398
44303,32.5,30.80,2027,1334,398
44337,28.7,34.80,2029,1334,398
44379,23.9,41.90,2031,1334,398
44408,35.2,28.40,2033,1334,398
44460,19.0,52.50,2035,1334,398
44504,22.8,43.80,2037,1334,398
44533,34.4,29.10,2039,1334,398
44574,24.6,40.70,2041,1334,398
44603,34.7,28.80,2043,1334,398
44648,21.9,45.70,2045,1334,398
44678,33.7,29.70,2047,1334,398
44722,22.8,43.90,2049,1334,398
44756,29.1,34.40,2051,1334,398
44801,22.3,44.90,2053,1334,398
44830,34.2,29.20,2055,1334,398
44873,23.4,42.70,2057,1334,398
44904,32.5,30.80,2059,1334,398
44948,22.5,44.50,2061,1334,398
44990,24.0,41.60,2063,1334,398
45048,17.3,57.70,2065,1334,398
45096,20.8,48.00,2067,1334,398
45148,18.9,52.80,2069,1334,398
45195,21.6,46.40,2071,1334,398
45247,19.2,52.10,2073,1334,398
45276,34.8,28.70,2075,1334,398
45318,23.4,42.70,2077,1334,398
45348,34.1,29.30,2079,1334,398
45374,37.5,26.70,2081,1334,398
45394,51.0,19.60,2083,1334,398
45401,135.1,7.40,2085,1334,398
45408,144.9,6.90,2087,1334,398
45415,144.9,6.90,2089,1334,398
45422,140.8,7.10,2091,1334,398
45429,147.1,6.80,2093,1334,398
45436,140.8,7.10,2095,1334,398
45443,140.8,7.10,2097,1334,398
45450,144.9,6.90,2099,1334,398
45457,147.1,6.80,2101,1334,398
45464,144.9,6.90,2103,1334,398
45471,144.9,6.90,2105,1334,398
45478,142.9,7.00,2107,1334,398
45485,138.9,7.20,2109,1334,398
45492,147.1,6.80,2111,1334,398
45499,147.1,6.80,2113,1334,398
45505,147.1,6.80,2115,1334,398
45512,149.3,6.70,2117,1334,398
45519,144.9,6.90,2119,1334,398
45526,138.9,7.20,2121,1334,398
45533,137.0,7.30,2123,1334,398
45540,147.1,6.80,2125,1334,398
45547,142.9,7.00,2127,1334,398
45554,144.9,6.90,2129,1334,398
45561,147.1,6.80,2131,1334,398
45568,133.3,7.50,2133,1334,398
45575,153.8,6.50,2135,1334,398
45582,147.1,6.80,2137,1334,398
45589,140.8,7.10,2139,1334,398
45596,147.1,6.80,2141,1334,398
45603,144.9,6.90,2143,1334,398
45610,142.9,7.00,2145,1334,398
45617,142.9,7.00,2147,1334,398
45623,144.9,6.90,2149,1334,398
45630,144.9,6.90,2151,1334,398
45637,147.1,6.80,2153,1334,398
45644,140.8,7.10,2155,1334,398
45651,142.9,7.00,2157,1334,398
45658,144.9,6.90,2159,1334,398
45665,144.9,6.90,2161,1334,398
45672,135.1,7.40,2163,1334,398
45679,149.3,6.70,2165,1334,398
45686,149.3,6.70,2167,1334,398
45693,140.8,7.10,2169,1334,398
45700,144.9,6.90,2171,1334,398
45707,144.9,6.90,2173,1334,398
45714,144.9,6.90,2175,1334,398
45721,140.8,7.10,2177,1334,398
45728,147.1,6.80,2179,1334,398
45735,138.9,7.20,2181,1334,398
45741,149.3,6.70,2183,1334,398
45749,140.8,7.10,2185,1334,398
45755,149.3,6.70,2187,1334,398
45762,144.9,6.90,2189,1334,398
45769,138.9,7.20,2191,1334,398
45776,144.9,6.90,2193,1334,398
45783,142.9,7.00,2195,1334,398
45790,149.3,6.70,2197,1334,398
45797,135.1,7.40,2199,1334,398
45804,151.5,6.60,2201,1334,398
45811,142.9,7.00,2203,1334,398
45818,144.9,6.90,2205,1334,398
45825,144.9,6.90,2207,1334,398
45832,142.9,7.00,2209,1334,398
45839,142.9,7.00,2211,1334,398
45846,147.1,6.80,2213,1334,398
45852,144.9,6.90,2215,1334,398
45860,140.8,7.10,2217,1334,398
45866,144.9,6.90,2219,1334,398
45874,140.8,7.10,2221,1334,398
45880,147.1,6.80,2223,1334,398
45887,144.9,6.90,2225,1334,398
45894,144.9,6.90,2227,1334,398
45902,135.1,7.40,2229,1334,398
45908,156.2,6.40,2231,1334,398
45915,137.0,7.30,2233,1334,398
45922,149.3,6.70,2235,1334,398
45929,140.8,7.10,2237,1334,398
45936,149.3,6.70,2239,1334,398
45943,144.9,6.90,2241,1334,398
45950,142.9,7.00,2243,1334,398
45957,144.9,6.90,2245,1334,398
45964,142.9,7.00,2247,1334,398
45970,144.9,6.90,2249,1334,398
45977,144.9,6.90,2251,1334,398
45985,140.8,7.10,2253,1334,398
45991,147.1,6.80,2255,1334,398
45998,147.1,6.80,2257,1334,398
46006,129.9,7.70,2259,1334,398
46012,156.3,6.40,2261,1334,398
46019,142.9,7.00,2263,1334,398
46026,144.9,6.90,2265,1334,398
46033,147.1,6.80,2267,1334,398
46040,142.9,7.00,2269,1334,398
46047,144.9,6.90,2271,1334,398
46054,142.9,7.00,2273,1334,398
46061,142.9,7.00,2275,1334,398
46068,142.9,7.00,2277,1334,398
46075,144.9,6.90,2279,1334,398
46082,144.9,6.90,2281,1334,398
46088,147.1,6.80,2283,1334,398
46095,142.9,7.00,2285,1334,398
46102,144.9,6.90,2287,1334,398
46109,140.8,7.10,2289,1334,398
46116,147.1,6.80,2291,1334,398
46123,144.9,6.90,2293,1334,398
46130,140.8,7.10,2295,1334,398
46137,147.1,6.80,2297,1334,398
46144,142.9,7.00,2299,1334,398
46151,142.9,7.00,2301,1334,398
46158,144.9,6.90,2303,1334,398
46165,142.9,7.00,2305,1334,398
46172,142.9,7.00,2307,1334,398
46179,142.9,7.00,2309,1334,398
46186,144.9,6.90,2311,1334,398
46193,140.8,7.10,2313,1334,398
46200,151.5,6.60,2315,1334,398
46207,142.9,7.00,2317,1334,398
46214,133.3,7.50,2319,1334,398
46220,156.2,6.40,2321,1334,398
46227,142.9,7.00,2323,1334,398
46235,138.9,7.20,2325,1334,398
46241,147.1,6.80,2327,1334,398
46248,144.9,6.90,2329,1334,398
46255,142.9,7.00,2331,1334,398
46262,147.1,6.80,2333,1334,398
46269,142.9,7.00,2335,1334,398
46276,147.1,6.80,2337,1334,398
46283,142.9,7.00,2339,1334,398
46290,142.9,7.00,2341,1334,398
46297,144.9,6.90,2343,1334,398
46304,142.9,7.00,2345,1334,398
46311,142.9,7.00,2347,1334,398
46318,142.9,7.00,2349,1334,398
46325,144.9,6.90,2351,1334,398
46332,147.1,6.80,2353,1334,398
46339,140.8,7.10,2355,1334,398
46345,147.1,6.80,2357,1334,398
46353,140.8,7.10,2359,1334,398
46359,147.1,6.80,2361,1334,398
46366,142.9,7.00,2363,1334,398
46373,144.9,6.90,2365,1334,398
46380,144.9,6.90,2367,1334,398
46387,140.8,7.10,2369,1334,398
46394,142.9,7.00,2371,1334,398
46401,140.8,7.10,2373,1334,398
46408,147.1,6.80,2375,1334,398
46415,147.1,6.80,2377,1334,398
46422,137.0,7.30,2379,1334,398
46429,149.3,6.70,2381,1334,398
46436,144.9,6.90,2383,1334,398
46443,144.9,6.90,2385,1334,398
46450,147.1,6.80,2387,1334,398
46457,138.9,7.20,2389,1334,398
46464,147.1,6.80,2391,1334,398
46470,144.9,6.90,2393,1334,398
46478,140.8,7.10,2395,1334,398
46484,144.9,6.90,2397,1334,398
46491,144.9,6.90,2399,1334,398
46498,142.9,7.00,2401,1334,398
46505,144.9,6.90,2403,1334,398
46512,144.9,6.90,2405,1334,398
46519,142.9,7.00,2407,1334,398
46526,138.9,7.20,2409,1334,398
46533,149.3,6.70,2411,1334,398
46540,144.9,6.90,2413,1334,398
46547,138.9,7.20,2415,1334,398
46554,149.3,6.70,2417,1334,398
46561,144.9,6.90,2419,1334,398
46568,142.9,7.00,2421,1334,398
46575,140.8,7.10,2423,1334,398
46582,142.9,7.00,2425,1334,398
46589,147.1,6.80,2427,1334,398
46596,142.9,7.00,2429,1334,398
46603,144.9,6.90,2431,1334,398
46610,142.9,7.00,2433,1334,398
46617,140.8,7.10,2435,1334,398
46623,147.1,6.80,2437,1334,398
46631,138.9,7.20,2439,1334,398
46637,149.3,6.70,2441,1334,398
46644,144.9,6.90,2443,1334,398
46651,144.9,6.90,2445,1334,398
46658,142.9,7.00,2447,1334,398
46665,142.9,7.00,2449,1334,398
46672,147.1,6.80,2451,1334,398
46679,142.9,7.00,2453,1334,398
46686,144.9,6.90,2455,1334,398
46693,144.9,6.90,2457,1334,398
46700,142.9,7.00,2459,1334,398
46707,142.9,7.00,2461,1334,398
46714,142.9,7.00,2463,1334,398
46721,144.9,6.90,2465,1334,398
46728,142.9,7.00,2467,1334,398
46735,135.1,7.40,2469,1334,398
46741,156.2,6.40,2471,1334,398
46748,147.1,6.80,2473,1334,398
46755,140.8,7.10,2475,1334,398
46762,147.1,6.80,2477,1334,398
46769,142.9,7.00,2479,1334,398
46776,147.1,6.80,2481,1334,398
46783,138.9,7.20,2483,1334,398
46790,144.9,6.90,2485,1334,398
46797,144.9,6.90,2487,1334,398
46804,144.9,6.90,2489,1334,398
46811,138.9,7.20,2491,1334,398
46818,142.9,7.00,2493,1334,398
46825,147.1,6.80,2495,1334,398
46832,144.9,6.90,2497,1334,398
46839,140.8,7.10,2499,1334,398
46846,149.3,6.70,2501,1334,398
46853,142.9,7.00,2503,1334,398
46859,144.9,6.90,2505,1334,398
46867,140.8,7.10,2507,1334,398
46873,144.9,6.90,2509,1334,398
46880,147.1,6.80,2511,1334,398
46887,138.9,7.20,2513,1334,398
46894,149.3,6.70,2515,1334,398
46901,142.9,7.00,2517,1334,398
46908,140.8,7.10,2519,1334,398
46915,147.1,6.80,2521,1334,398
46922,144.9,6.90,2523,1334,398
46929,142.9,7.00,2525,1334,398
46936,147.1,6.80,2527,1334,398
46943,133.3,7.50,2529,1334,398
46953,102.0,9.80,2531,1334,398
46959,181.8,5.50,2533,1334,398
46964,181.8,5.50,2535,1334,398
46971,153.8,6.50,2537,1334,398
46977,144.9,6.90,2539,1334,398
46984,142.9,7.00,2541,1334,398
46992,140.8,7.10,2543,1334,398
46998,147.1,6.80,2545,1334,398
47006,135.1,7.40,2547,1334,398
47012,151.5,6.60,2549,1334,398
47019,142.9,7.00,2551,1334,398
47026,147.1,6.80,2553,1334,398
47033,144.9,6.90,2555,1334,398
47040,140.8,7.10,2557,1334,398
47047,142.9,7.00,2559,1334,398
47054,147.1,6.80,2561,1334,398
47061,144.9,6.90,2563,1334,398
47068,140.8,7.10,2565,1334,398
47075,144.9,6.90,2567,1334,398
47082,142.9,7.00,2569,1334,398
47089,147.1,6.80,2571,1334,398
47096,142.9,7.00,2573,1334,398
47103,142.9,7.00,2575,1334,398
47110,144.9,6.90,2577,1334,398
47116,147.1,6.80,2579,1334,398
47123,142.9,7.00,2581,1334,398
47130,140.8,7.10,2583,1334,398
47137,144.9,6.90,2585,1334,398
47144,144.9,6.90,2587,1334,398
47151,138.9,7.20,2589,1334,398
47158,151.5,6.60,2591,1334,398
47165,144.9,6.90,2593,1334,398
47172,142.9,7.00,2595,1334,398
47179,144.9,6.90,2597,1334,398
47186,142.9,7.00,2599,1334,398
47193,144.9,6.90,2601,1334,398
47200,144.9,6.90,2603,1334,398
47207,144.9,6.90,2605,1334,398
47214,140.8,7.10,2607,1334,398
47220,147.1,6.80,2609,1334,398
47228,140.8,7.10,2611,1334,398
47234,144.9,6.90,2613,1334,398
47241,144.9,6.90,2615,1334,398
47248,142.9,7.00,2617,1334,398
47255,140.8,7.10,2619,1334,398
47262,147.1,6.80,2621,1334,398
47269,147.1,6.80,2623,1334,398
47276,144.9,6.90,2625,1334,398
47283,142.9,7.00,2627,1334,398
47290,142.9,7.00,2629,1334,398
47297,147.1,6.80,2631,1334,398
47304,142.9,7.00,2633,1334,398
47311,142.9,7.00,2635,1334,398
47318,144.9,6.90,2637,1334,398
47325,140.8,7.10,2639,1334,398
47332,147.1,6.80,2641,1334,398
47338,144.9,6.90,2643,1334,398
47345,142.9,7.00,2645,1334,398
47352,142.9,7.00,2647,1334,398
47360,140.8,7.10,2649,1334,398
47366,147.1,6.80,2651,1334,398
47373,142.9,7.00,2653,1334,398
47380,142.9,7.00,2655,1334,398
47387,144.9,6.90,2657,1334,398
47394,142.9,7.00,2659,1334,398
47401,144.9,6.90,2661,1334,398
47408,144.9,6.90,2663,1334,398
47415,144.9,6.90,2665,1334,398
47422,142.9,7.00,2667,1334,398
47429,147.1,6.80,2669,1334,398
47436,142.9,7.00,2671,1334,398
47443,142.9,7.00,2673,1334,398
47450,144.9,6.90,2675,1334,398
47457,140.8,7.10,2677,1334,398
47464,144.9,6.90,2679,1334,398
47471,144.9,6.90,2681,1334,398
47477,144.9,6.90,2683,1334,398
47484,142.9,7.00,2685,1334,398
47491,147.1,6.80,2687,1334,398
47498,142.9,7.00,2689,1334,398
47505,142.9,7.00,2691,1334,398
47512,144.9,6.90,2693,1334,398
47519,144.9,6.90,2695,1334,398
47526,142.9,7.00,2697,1334,398
47533,144.9,6.90,2699,1334,398
47540,142.9,7.00,2701,1334,398
47547,142.9,7.00,2703,1334,398
47554,144.9,6.90,2705,1334,398
47561,147.1,6.80,2707,1334,398
47568,137.0,7.30,2709,1334,398
47575,151.5,6.60,2711,1334,398
47582,140.8,7.10,2713,1334,398
47589,144.9,6.90,2715,1334,398
47595,144.9,6.90,2717,1334,398
47602,142.9,7.00,2719,1334,398
47609,144.9,6.90,2721,1334,398
47616,142.9,7.00,2723,1334,398
47623,142.9,7.00,2725,1334,398
47630,147.1,6.80,2727,1334,398
47637,140.8,7.10,2729,1334,398
47644,144.9,6.90,2731,1334,398
47651,144.9,6.90,2733,1334,398
47658,144.9,6.90,2735,1334,398
47665,142.9,7.00,2737,1334,398
47672,138.9,7.20,2739,1334,398
47679,151.5,6.60,2741,1334,398
47686,140.8,7.10,2743,1334,398
47693,144.9,6.90,2745,1334,398
47700,144.9,6.90,2747,1334,398
47707,142.9,7.00,2749,1334,398
47713,147.1,6.80,2751,1334,398
47721,138.9,7.20,2753,1334,398
47728,144.9,6.90,2755,1334,398
47734,144.9,6.90,2757,1334,398
47741,144.9,6.90,2759,1334,398
47748,142.9,7.00,2761,1334,398
47755,147.1,6.80,2763,1334,398
47762,144.9,6.90,2765,1334,398
47769,142.9,7.00,2767,1334,398
47776,140.8,7.10,2769,1334,398
47783,147.1,6.80,2771,1334,398
47790,144.9,6.90,2773,1334,398
47797,144.9,6.90,2775,1334,398
47804,144.9,6.90,2777,1334,398
47811,144.9,6.90,2779,1334,398
47818,140.8,7.10,2781,1334,398
47825,144.9,6.90,2783,1334,398
47832,147.1,6.80,2785,1334,398
47839,144.9,6.90,2787,1334,398
47845,144.9,6.90,2789,1334,398
47853,140.8,7.10,2791,1334,398
47859,147.1,6.80,2793,1334,398
47866,140.8,7.10,2795,1334,398
47873,144.9,6.90,2797,1334,398
47881,138.9,7.20,2799,1334,398
47887,149.3,6.70,2801,1334,398
47894,144.9,6.90,2803,1334,398
47901,142.9,7.00,2805,1334,398
47908,144.9,6.90,2807,1334,398
47915,144.9,6.90,2809,1334,398
47922,142.9,7.00,2811,1334,398
47929,144.9,6.90,2813,1334,398
47936,142.9,7.00,2815,1334,398
47943,144.9,6.90,2817,1334,398
47950,142.9,7.00,2819,1334,398
47957,144.9,6.90,2821,1334,398
47964,142.9,7.00,2823,1334,398
47970,147.1,6.80,2825,1334,398
47977,142.9,7.00,2827,1334,398
47985,138.9,7.20,2829,1334,398
47991,147.1,6.80,2831,1334,398
47998,144.9,6.90,2833,1334,398
48005,142.9,7.00,2835,1334,398
48012,142.9,7.00,2837,1334,398
48019,147.1,6.80,2839,1334,398
48026,144.9,6.90,2841,1334,398
48033,142.9,7.00,2843,1334,398
48040,144.9,6.90,2845,1334,398
48047,147.1,6.80,2847,1334,398
48054,140.8,7.10,2849,1334,398
48061,147.1,6.80,2851,1334,398
48068,140.8,7.10,2853,1334,398
48075,142.9,7.00,2855,1334,398
48082,142.9,7.00,2857,1334,398
48089,142.9,7.00,2859,1334,398
48096,147.1,6.80,2861,1334,398
48102,147.1,6.80,2863,1334,398
48110,138.9,7.20,2865,1334,398
48116,147.1,6.80,2867,1334,398
48123,142.9,7.00,2869,1334,398
48130,144.9,6.90,2871,1334,398
48137,144.9,6.90,2873,1334,398
48144,140.8,7.10,2875,1334,398
48151,144.9,6.90,2877,1334,398
48158,144.9,6.90,2879,1334,398
48165,142.9,7.00,2881,1334,398
48172,144.9,6.90,2883,1334,398
48179,142.9,7.00,2885,1334,398
48186,144.9,6.90,2887,1334,398
48194,128.2,7.80,2889,1334,398
48200,161.3,6.20,2891,1334,398
48207,144.9,6.90,2893,1334,398
48214,140.8,7.10,2895,1334,398
48221,147.1,6.80,2897,1334,398
48228,144.9,6.90,2899,1334,398
48234,149.3,6.70,2901,1334,398
48241,142.9,7.00,2903,1334,398
48248,142.9,7.00,2905,1334,398
48255,144.9,6.90,2907,1334,398
48262,142.9,7.00,2909,1334,398
48269,144.9,6.90,2911,1334,398
48276,142.9,7.00,2913,1334,398
48283,144.9,6.90,2915,1334,398
48290,142.9,7.00,2917,1334,398
48297,138.9,7.20,2919,1334,398
48304,149.3,6.70,2921,1334,398
48311,144.9,6.90,2923,1334,398
48318,144.9,6.90,2925,1334,398
48325,144.9,6.90,2927,1334,398
48332,138.9,7.20,2929,1334,398
48339,147.1,6.80,2931,1334,398
48346,142.9,7.00,2933,1334,398
48352,144.9,6.90,2935,1334,398
48359,142.9,7.00,2937,1334,398
48366,144.9,6.90,2939,1334,398
48373,147.1,6.80,2941,1334,398
48380,142.9,7.00,2943,1334,398
48387,144.9,6.90,2945,1334,398
48394,144.9,6.90,2947,1334,398
48401,138.9,7.20,2949,1334,398
48408,149.3,6.70,2951,1334,398
48415,140.8,7.10,2953,1334,398
48422,142.9,7.00,2955,1334,398
48429,147.1,6.80,2957,1334,398
48436,142.9,7.00,2959,1334,398
48443,147.1,6.80,2961,1334,398
48450,140.8,7.10,2963,1334,398
48457,147.1,6.80,2965,1334,398
48464,142.9,7.00,2967,1334,398
48470,144.9,6.90,2969,1334,398
48477,142.9,7.00,2971,1334,398
48484,142.9,7.00,2973,1334,398
48492,140.8,7.10,2975,1334,398
48498,147.1,6.80,2977,1334,398
48505,140.8,7.10,2979,1334,398
48512,147.1,6.80,2981,1334,398
48519,142.9,7.00,2983,1334,398
48526,142.9,7.00,2985,1334,398
48533,147.1,6.80,2987,1334,398
48540,140.8,7.10,2989,1334,398
48547,147.1,6.80,2991,1334,398
48554,144.9,6.90,2993,1334,398
48561,142.9,7.00,2995,1334,398
48568,142.9,7.00,2997,1334,398
48575,144.9,6.90,2999,1334,398
48582,142.9,7.00,3001,1334,398
48589,144.9,6.90,3003,1334,398
48596,144.9,6.90,3005,1334,398
48603,142.9,7.00,3007,1334,398
48610,142.9,7.00,3009,1334,398
48616,144.9,6.90,3011,1334,398
48623,144.9,6.90,3013,1334,398
48630,144.9,6.90,3015,1334,398
48637,144.9,6.90,3017,1334,398
48644,144.9,6.90,3019,1334,398
48651,140.8,7.10,3021,1334,398
48658,149.3,6.70,3023,1334,398
48665,144.9,6.90,3025,1334,398
48672,144.9,6.90,3027,1334,398
48679,133.3,7.50,3029,1334,398
48686,151.5,6.60,3031,1334,398
48693,147.1,6.80,3033,1334,398
48700,144.9,6.90,3035,1334,398
48706,144.9,6.90,3037,1334,398
48714,137.0,7.30,3039,1334,398
48720,151.5,6.60,3041,1334,398
48727,142.9,7.00,3043,1334,398
48734,142.9,7.00,3045,1334,398
48741,142.9,7.00,3047,1334,398
48748,147.1,6.80,3049,1334,398
48755,142.9,7.00,3051,1334,398
48762,142.9,7.00,3053,1334,398
48769,144.9,6.90,3055,1334,398
48776,142.9,7.00,3057,1334,398
48783,147.1,6.80,3059,1334,398
48790,140.8,7.10,3061,1334,398
48797,144.9,6.90,3063,1334,398
48804,140.8,7.10,3065,1334,398
48811,147.1,6.80,3067,1334,398
48818,137.0,7.30,3069,1334,398
48825,149.3,6.70,3071,1334,398
48832,144.9,6.90,3073,1334,398
48839,140.8,7.10,3075,1334,398
48846,147.1,6.80,3077,1334,398
48852,147.1,6.80,3079,1334,398
48859,140.8,7.10,3081,1334,398
48866,144.9,6.90,3083,1334,398
48873,147.1,6.80,3085,1334,398
48880,140.8,7.10,3087,1334,398
48887,144.9,6.90,3089,1334,398
48894,142.9,7.00,3091,1334,398
48901,140.8,7.10,3093,1334,398
48908,147.1,6.80,3095,1334,398
48915,147.1,6.80,3097,1334,398
48922,140.8,7.10,3099,1334,398
48929,147.1,6.80,3101,1334,398
48936,142.9,7.00,3103,1334,398
48943,142.9,7.00,3105,1334,398
48950,144.9,6.90,3107,1334,398
48957,142.9,7.00,3109,1334,398
48964,144.9,6.90,3111,1334,398
48970,144.9,6.90,3113,1334,398
48977,144.9,6.90,3115,1334,398
48984,144.9,6.90,3117,1334,398
48991,144.9,6.90,3119,1334,398
48998,144.9,6.90,3121,1334,398
49005,142.9,7.00,3123,1334,398
49012,142.9,7.00,3125,1334,398
49019,142.9,7.00,3127,1334,398
49026,138.9,7.20,3129,1334,398
49033,151.5,6.60,3131,1334,398
49040,144.9,6.90,3133,1334,398
49047,144.9,6.90,3135,1334,398
49054,142.9,7.00,3137,1334,398
49061,147.1,6.80,3139,1334,398
49068,138.9,7.20,3141,1334,398
49075,147.1,6.80,3143,1334,398
49082,142.9,7.00,3145,1334,398
49089,144.9,6.90,3147,1334,398
49096,140.8,7.10,3149,1334,398
49102,147.1,6.80,3151,1334,398
49109,144.9,6.90,3153,1334,398
49116,144.9,6.90,3155,1334,398
49123,142.9,7.00,3157,1334,398
49130,138.9,7.20,3159,1334,398
49137,149.3,6.70,3161,1334,398
49144,142.9,7.00,3163,1334,398
49151,147.1,6.80,3165,1334,398
49158,142.9,7.00,3167,1334,398
49165,142.9,7.00,3169,1334,398
49172,142.9,7.00,3171,1334,398
49179,142.9,7.00,3173,1334,398
49186,144.9,6.90,3175,1334,398
49193,142.9,7.00,3177,1334,398
49200,144.9,6.90,3179,1334,398
49206,149.3,6.70,3181,1334,398
49214,137.0,7.30,3183,1334,398
49220,149.3,6.70,3185,1334,398
49227,144.9,6.90,3187,1334,398
49235,133.3,7.50,3189,1334,398
49241,158.7,6.30,3191,1334,398
49248,140.8,7.10,3193,1334,398
49255,144.9,6.90,3195,1334,398
49262,144.9,6.90,3197,1334,398
49269,142.9,7.00,3199,1334,398
49276,144.9,6.90,3201,1334,398
49283,142.9,7.00,3203,1334,398
49290,144.9,6.90,3205,1334,398
49297,142.9,7.00,3207,1334,398
49304,144.9,6.90,3209,1334,398
49311,142.9,7.00,3211,1334,398
49318,142.9,7.00,3213,1334,398
49324,149.3,6.70,3215,1334,398
49332,140.8,7.10,3217,1334,398
49339,137.0,7.30,3219,1334,398
49345,151.5,6.60,3221,1334,398
49352,144.9,6.90,3223,1334,398
49359,144.9,6.90,3225,1334,398
49366,140.8,7.10,3227,1334,398
49373,147.1,6.80,3229,1334,398
49380,140.8,7.10,3231,1334,398
49387,144.9,6.90,3233,1334,398
49394,144.9,6.90,3235,1334,398
49401,142.9,7.00,3237,1334,398
49408,144.9,6.90,3239,1334,398
49415,142.9,7.00,3241,1334,398
49422,144.9,6.90,3243,1334,398
49429,147.1,6.80,3245,1334,398
49436,142.9,7.00,3247,1334,398
49443,137.0,7.30,3249,1334,398
49450,147.1,6.80,3251,1334,398
49457,147.1,6.80,3253,1334,398
49464,142.9,7.00,3255,1334,398
49471,144.9,6.90,3257,1334,398
49477,144.9,6.90,3259,1334,398
49484,144.9,6.90,3261,1334,398
49491,142.9,7.00,3263,1334,398
49498,142.9,7.00,3265,1334,398
49505,144.9,6.90,3267,1334,398
49512,147.1,6.80,3269,1334,398
49519,142.9,7.00,3271,1334,398
49526,140.8,7.10,3273,1334,398
49533,147.1,6.80,3275,1334,398
49540,144.9,6.90,3277,1334,398
49547,138.9,7.20,3279,1334,398
49554,149.3,6.70,3281,1334,398
49561,142.9,7.00,3283,1334,398
49568,142.9,7.00,3285,1334,398
49575,144.9,6.90,3287,1334,398
49581,147.1,6.80,3289,1334,398
49588,144.9,6.90,3291,1334,398
49595,142.9,7.00,3293,1334,398
49602,140.8,7.10,3295,1334,398
49609,144.9,6.90,3297,1334,398
49616,142.9,7.00,3299,1334,398
49623,147.1,6.80,3301,1334,398
49630,140.8,7.10,3303,1334,398
49637,144.9,6.90,3305,1334,398
49644,142.9,7.00,3307,1334,398
49651,138.9,7.20,3309,1334,398
49658,151.5,6.60,3311,1334,398
49665,142.9,7.00,3313,1334,398
49672,142.9,7.00,3315,1334,398
49679,144.9,6.90,3317,1334,398
49686,144.9,6.90,3319,1334,398
49693,144.9,6.90,3321,1334,398
49700,142.9,7.00,3323,1334,398
49706,147.1,6.80,3325,1334,398
49713,142.9,7.00,3327,1334,398
49720,142.9,7.00,3329,1334,398
49727,142.9,7.00,3331,1334,398
49734,142.9,7.00,3333,1334,398
49741,147.1,6.80,3335,1334,398
49748,142.9,7.00,3337,1334,398
49756,137.0,7.30,3339,1334,398
49762,151.5,6.60,3341,1334,398
49769,144.9,6.90,3343,1334,398
49776,142.9,7.00,3345,1334,398
49783,144.9,6.90,3347,1334,398
49790,144.9,6.90,3349,1334,398
49797,142.9,7.00,3351,1334,398
49804,144.9,6.90,3353,1334,398
49811,140.8,7.10,3355,1334,398
49818,147.1,6.80,3357,1334,398
49825,142.9,7.00,3359,1334,398
49832,142.9,7.00,3361,1334,398
49838,147.1,6.80,3363,1334,398
49845,142.9,7.00,3365,1334,398
49852,142.9,7.00,3367,1334,398
49860,138.9,7.20,3369,1334,398
49866,149.3,6.70,3371,1334,398
49873,147.1,6.80,3373,1334,398
49880,140.8,7.10,3375,1334,398
49887,142.9,7.00,3377,1334,398
49894,144.9,6.90,3379,1334,398
49901,147.1,6.80,3381,1334,398
49908,144.9,6.90,3383,1334,398
49915,140.8,7.10,3385,1334,398
49922,142.9,7.00,3387,1334,398
49929,144.9,6.90,3389,1334,398
49936,147.1,6.80,3391,1334,398
49943,142.9,7.00,3393,1334,398
49950,144.9,6.90,3395,1334,398
49956,147.1,6.80,3397,1334,398
49964,137.0,7.30,3399,1334,398
49970,147.1,6.80,3401,1334,398
49977,142.9,7.00,3403,1334,398
49984,144.9,6.90,3405,1334,398
49991,142.9,7.00,3407,1334,398
49998,147.1,6.80,3409,1334,398
50005,142.9,7.00,3411,1334,398
50012,147.1,6.80,3413,1334,398
50019,137.0,7.30,3415,1334,398
50029,107.5,9.30,3417,1334,398
50035,151.5,6.60,3419,1334,398
50041,161.3,6.20,3421,1334,398
50048,149.3,6.70,3423,1334,398
50055,153.8,6.50,3425,1334,398
50061,156.2,6.40,3427,1334,398
50068,144.9,6.90,3429,1334,398
50075,147.1,6.80,3431,1334,398
50087,78.7,12.70,3433,1334,398
50096,122.0,8.20,3435,1334,398
50103,142.9,7.00,3437,1334,398
50109,147.1,6.80,3439,1334,398
50116,142.9,7.00,3441,1334,398
50123,147.1,6.80,3443,1334,398
50130,142.9,7.00,3445,1334,398
50137,142.9,7.00,3447,1334,398
50144,144.9,6.90,3449,1334,398
50151,144.9,6.90,3451,1334,398
50158,144.9,6.90,3453,1334,398
50165,140.8,7.10,3455,1334,398
50172,138.9,7.20,3457,1334,398
50179,149.3,6.70,3459,1334,398
50186,144.9,6.90,3461,1334,398
50193,144.9,6.90,3463,1334,398
50200,142.9,7.00,3465,1334,398
50206,147.1,6.80,3467,1334,398
50214,138.9,7.20,3469,1334,398
50220,149.3,6.70,3471,1334,398
50227,140.8,7.10,3473,1334,398
50234,144.9,6.90,3475,1334,398
50241,144.9,6.90,3477,1334,398
50248,147.1,6.80,3479,1334,398
50255,142.9,7.00,3481,1334,398
50262,144.9,6.90,3483,1334,398
50269,142.9,7.00,3485,1334,398
50276,138.9,7.20,3487,1334,398
50283,149.3,6.70,3489,1334,398
50290,144.9,6.90,3491,1334,398
50297,142.9,7.00,3493,1334,398
50304,142.9,7.00,3495,1334,398
50311,142.9,7.00,3497,1334,398
50318,142.9,7.00,3499,1334,398
50325,144.9,6.90,3501,1334,398
50332,142.9,7.00,3503,1334,398
50339,144.9,6.90,3505,1334,398
50345,144.9,6.90,3507,1334,398
50352,144.9,6.90,3509,1334,398
50359,144.9,6.90,3511,1334,398
50366,144.9,6.90,3513,1334,398
50373,140.8,7.10,3515,1334,398
50380,144.9,6.90,3517,1334,398
50387,144.9,6.90,3519,1334,398
50394,142.9,7.00,3521,1334,398
50401,142.9,7.00,3523,1334,398
50408,142.9,7.00,3525,1334,398
50415,147.1,6.80,3527,1334,398
50422,142.9,7.00,3529,1334,398
50429,142.9,7.00,3531,1334,398
50436,142.9,7.00,3533,1334,398
50443,149.3,6.70,3535,1334,398
50450,140.8,7.10,3537,1334,398
50457,142.9,7.00,3539,1334,398
50464,144.9,6.90,3541,1334,398
50470,144.9,6.90,3543,1334,398
50478,140.8,7.10,3545,1334,398
50485,142.9,7.00,3547,1334,398
50491,147.1,6.80,3549,1334,398
50498,144.9,6.90,3551,1334,398
50505,144.9,6.90,3553,1334,398
50512,142.9,7.00,3555,1334,398
50519,142.9,7.00,3557,1334,398
50526,144.9,6.90,3559,1334,398
50533,144.9,6.90,3561,1334,398
50540,142.9,7.00,3563,1334,398
50547,142.9,7.00,3565,1334,398
50554,144.9,6.90,3567,1334,398
50561,142.9,7.00,3569,1334,398
50568,144.9,6.90,3571,1334,398
50575,144.9,6.90,3573,1334,398
50582,140.8,7.10,3575,1334,398
50589,144.9,6.90,3577,1334,398
50596,144.9,6.90,3579,1334,398
50602,144.9,6.90,3581,1334,398
50609,144.9,6.90,3583,1334,398
50616,144.9,6.90,3585,1334,398
50624,133.3,7.50,3587,1334,398
50630,156.3,6.40,3589,1334,398
50637,142.9,7.00,3591,1334,398
50644,144.9,6.90,3593,1334,398
50651,140.8,7.10,3595,1334,398
50658,147.1,6.80,3597,1334,398
50665,144.9,6.90,3599,1334,398
50672,142.9,7.00,3601,1334,398
50679,144.9,6.90,3603,1334,398
50686,140.8,7.10,3605,1334,398
50693,138.9,7.20,3607,1334,398
50700,151.5,6.60,3609,1334,398
50707,144.9,6.90,3611,1334,398
50714,140.8,7.10,3613,1334,398
50720,147.1,6.80,3615,1334,398
50727,144.9,6.90,3617,1334,398
50734,140.8,7.10,3619,1334,398
50741,144.9,6.90,3621,1334,398
50748,144.9,6.90,3623,1334,398
50755,142.9,7.00,3625,1334,398
50762,142.9,7.00,3627,1334,398
50769,149.3,6.70,3629,1334,398
50776,140.8,7.10,3631,1334,398
50783,147.1,6.80,3633,1334,398
50790,144.9,6.90,3635,1334,398
50797,138.9,7.20,3637,1334,398
50804,144.9,6.90,3639,1334,398
50811,144.9,6.90,3641,1334,398
50818,142.9,7.00,3643,1334,398
50825,144.9,6.90,3645,1334,398
50832,144.9,6.90,3647,1334,398
50838,144.9,6.90,3649,1334,398
50845,142.9,7.00,3651,1334,398
50852,142.9,7.00,3653,1334,398
50859,144.9,6.90,3655,1334,398
50866,144.9,6.90,3657,1334,398
50873,142.9,7.00,3659,1334,398
50880,144.9,6.90,3661,1334,398
50887,144.9,6.90,3663,1334,398
50894,140.8,7.10,3665,1334,398
50901,140.8,7.10,3667,1334,398
50908,147.1,6.80,3669,1334,398
50915,147.1,6.80,3671,1334,398
50922,144.9,6.90,3673,1334,398
50929,142.9,7.00,3675,1334,398
50936,142.9,7.00,3677,1334,398
50943,142.9,7.00,3679,1334,398
50950,147.1,6.80,3681,1334,398
50957,142.9,7.00,3683,1334,398
50963,144.9,6.90,3685,1334,398
50971,138.9,7.20,3687,1334,398
50977,149.3,6.70,3689,1334,398
50985,138.9,7.20,3691,1334,398
50991,144.9,6.90,3693,1334,398
50998,151.5,6.60,3695,1334,398
51005,137.0,7.30,3697,1334,398
51012,147.1,6.80,3699,1334,398
51019,144.9,6.90,3701,1334,398
51026,138.9,7.20,3703,1334,398
51033,147.1,6.80,3705,1334,398
51040,142.9,7.00,3707,1334,398
51047,147.1,6.80,3709,1334,398
51054,142.9,7.00,3711,1334,398
51061,140.8,7.10,3713,1334,398
51068,149.3,6.70,3715,1334,398
51075,140.8,7.10,3717,1334,398
51082,147.1,6.80,3719,1334,398
51089,142.9,7.00,3721,1334,398
51095,144.9,6.90,3723,1334,398
51102,142.9,7.00,3725,1334,398
51110,138.9,7.20,3727,1334,398
51116,147.1,6.80,3729,1334,398
51123,144.9,6.90,3731,1334,398
51130,140.8,7.10,3733,1334,398
51137,151.5,6.60,3735,1334,398
51144,142.9,7.00,3737,1334,398
51151,138.9,7.20,3739,1334,398
51158,147.1,6.80,3741,1334,398
51165,142.9,7.00,3743,1334,398
51172,144.9,6.90,3745,1334,398
51179,142.9,7.00,3747,1334,398
51186,144.9,6.90,3749,1334,398
51193,138.9,7.20,3751,1334,398
51200,149.3,6.70,3753,1334,398
51207,142.9,7.00,3755,1334,398
51214,140.8,7.10,3757,1334,398
51221,147.1,6.80,3759,1334,398
51228,140.8,7.10,3761,1334,398
51234,151.5,6.60,3763,1334,398
51241,144.9,6.90,3765,1334,398
51248,142.9,7.00,3767,1334,398
51255,144.9,6.90,3769,1334,398
51262,142.9,7.00,3771,1334,398
51269,142.9,7.00,3773,1334,398
51276,140.8,7.10,3775,1334,398
51283,147.1,6.80,3777,1334,398
51290,144.9,6.90,3779,1334,398
51297,142.9,7.00,3781,1334,398
51304,140.8,7.10,3783,1334,398
51311,151.5,6.60,3785,1334,398
51318,140.8,7.10,3787,1334,398
51325,144.9,6.90,3789,1334,398
51332,142.9,7.00,3791,1334,398
51339,144.9,6.90,3793,1334,398
51346,142.9,7.00,3795,1334,398
51352,144.9,6.90,3797,1334,398
51359,142.9,7.00,3799,1334,398
51366,144.9,6.90,3801,1334,398
51373,142.9,7.00,3803,1334,398
51380,140.8,7.10,3805,1334,398
51387,147.1,6.80,3807,1334,398
51394,142.9,7.00,3809,1334,398
51401,144.9,6.90,3811,1334,398
51408,140.8,7.10,3813,1334,398
51415,147.1,6.80,3815,1334,398
51422,140.8,7.10,3817,1334,398
51429,147.1,6.80,3819,1334,398
51436,147.1,6.80,3821,1334,398
51443,140.8,7.10,3823,1334,398
51450,142.9,7.00,3825,1334,398
51457,144.9,6.90,3827,1334,398
51464,144.9,6.90,3829,1334,398
51470,147.1,6.80,3831,1334,398
51477,144.9,6.90,3833,1334,398
51484,140.8,7.10,3835,1334,398
51491,144.9,6.90,3837,1334,398
51498,144.9,6.90,3839,1334,398
51505,142.9,7.00,3841,1334,398
51512,144.9,6.90,3843,1334,398
51519,144.9,6.90,3845,1334,398
51527,129.9,7.70,3847,1334,398
51533,166.7,6.00,3849,1334,398
51540,137.0,7.30,3851,1334,398
51547,147.1,6.80,3853,1334,398
51554,144.9,6.90,3855,1334,398
51561,142.9,7.00,3857,1334,398
51568,142.9,7.00,3859,1334,398
51575,144.9,6.90,3861,1334,398
51582,144.9,6.90,3863,1334,398
51589,142.9,7.00,3865,1334,398
51595,144.9,6.90,3867,1334,398
51602,142.9,7.00,3869,1334,398
51609,142.9,7.00,3871,1334,398
51616,144.9,6.90,3873,1334,398
51623,142.9,7.00,3875,1334,398
51630,142.9,7.00,3877,1334,398
51637,142.9,7.00,3879,1334,398
51644,147.1,6.80,3881,1334,398
51651,144.9,6.90,3883,1334,398
51658,147.1,6.80,3885,1334,398
51665,144.9,6.90,3887,1334,398
51672,142.9,7.00,3889,1334,398
51679,142.9,7.00,3891,1334,398
51686,147.1,6.80,3893,1334,398
51693,144.9,6.90,3895,1334,398
51700,140.8,7.10,3897,1334,398
51706,147.1,6.80,3899,1334,398
51714,140.8,7.10,3901,1334,398
51721,142.9,7.00,3903,1334,398
51727,144.9,6.90,3905,1334,398
51734,142.9,7.00,3907,1334,398
51741,147.1,6.80,3909,1334,398
51748,142.9,7.00,3911,1334,398
51755,140.8,7.10,3913,1334,398
51762,149.3,6.70,3915,1334,398
51769,142.9,7.00,3917,1334,398
51776,142.9,7.00,3919,1334,398
51783,147.1,6.80,3921,1334,398
51790,140.8,7.10,3923,1334,398
51797,144.9,6.90,3925,1334,398
51804,142.9,7.00,3927,1334,398
51811,147.1,6.80,3929,1334,398
51818,142.9,7.00,3931,1334,398
51825,144.9,6.90,3933,1334,398
51832,142.9,7.00,3935,1334,398
51839,138.9,7.20,3937,1334,398
51846,147.1,6.80,3939,1334,398
51852,147.1,6.80,3941,1334,398
51859,142.9,7.00,3943,1334,398
51866,144.9,6.90,3945,1334,398
51873,144.9,6.90,3947,1334,398
51880,142.9,7.00,3949,1334,398
51887,147.1,6.80,3951,1334,398
51894,140.8,7.10,3953,1334,398
51901,147.1,6.80,3955,1334,398
51908,140.8,7.10,3957,1334,398
51915,142.9,7.00,3959,1334,398
51922,147.1,6.80,3961,1334,398
51929,142.9,7.00,3963,1334,398
51936,144.9,6.90,3965,1334,398
51943,140.8,7.10,3967,1334,398
51950,142.9,7.00,3969,1334,398
51957,147.1,6.80,3971,1334,398
51964,142.9,7.00,3973,1334,398
51970,144.9,6.90,3975,1334,398
51977,144.9,6.90,3977,1334,398
51984,142.9,7.00,3979,1334,398
51991,144.9,6.90,3981,1334,398
51998,142.9,7.00,3983,1334,398
52005,144.9,6.90,3985,1334,398
52012,142.9,7.00,3987,1334,398
52019,144.9,6.90,3989,1334,398
52026,142.9,7.00,3991,1334,398
52033,142.9,7.00,3993,1334,398
52040,144.9,6.90,3995,1334,398
52047,140.8,7.10,3997,1334,398
52054,147.1,6.80,3999,1334,398
52061,147.1,6.80,4001,1334,398
52068,142.9,7.00,4003,1334,398
52075,142.9,7.00,4005,1334,398
52082,147.1,6.80,4007,1334,398
52089,140.8,7.10,4009,1334,398
52095,147.1,6.80,4011,1334,398
52102,142.9,7.00,4013,1334,398
52109,144.9,6.90,4015,1334,398
52116,142.9,7.00,4017,1334,398
52123,147.1,6.80,4019,1334,398
52130,142.9,7.00,4021,1334,398
52137,144.9,6.90,4023,1334,398
52144,144.9,6.90,4025,1334,398
52151,138.9,7.20,4027,1334,398
52158,149.3,6.70,4029,1334,398
52165,142.9,7.00,4031,1334,398
52172,140.8,7.10,4033,1334,398
52179,147.1,6.80,4035,1334,398
52186,142.9,7.00,4037,1334,398
52193,142.9,7.00,4039,1334,398
52200,142.9,7.00,4041,1334,398
52207,147.1,6.80,4043,1334,398
52214,142.9,7.00,4045,1334,398
52220,144.9,6.90,4047,1334,398
52227,144.9,6.90,4049,1334,398
52234,140.8,7.10,4051,1334,398
52241,144.9,6.90,4053,1334,398
52248,144.9,6.90,4055,1334,398
52255,140.8,7.10,4057,1334,398
52262,149.3,6.70,4059,1334,398
52269,142.9,7.00,4061,1334,398
52276,144.9,6.90,4063,1334,398
52283,144.9,6.90,4065,1334,398
52290,142.9,7.00,4067,1334,398
52297,142.9,7.00,4069,1334,398
52304,144.9,6.90,4071,1334,398
52311,144.9,6.90,4073,1334,398
52318,142.9,7.00,4075,1334,398
52324,147.1,6.80,4077,1334,398
52332,140.8,7.10,4079,1334,398
52338,147.1,6.80,4081,1334,398
52345,142.9,7.00,4083,1334,398
52352,142.9,7.00,4085,1334,398
52360,138.9,7.20,4087,1334,398
52366,149.3,6.70,4089,1334,398
52373,144.9,6.90,4091,1334,398
52380,142.9,7.00,4093,1334,398
52387,144.9,6.90,4095,1334,398
52394,140.8,7.10,4097,1334,398
52401,147.1,6.80,4099,1334,398
52408,142.9,7.00,4101,1334,398
52415,144.9,6.90,4103,1334,398
52422,142.9,7.00,4105,1334,398
52429,144.9,6.90,4107,1334,398
52436,144.9,6.90,4109,1334,398
52443,142.9,7.00,4111,1334,398
52450,147.1,6.80,4113,1334,398
52456,144.9,6.90,4115,1334,398
52464,137.0,7.30,4117,1334,398
52470,151.5,6.60,4119,1334,398
52477,140.8,7.10,4121,1334,398
52484,142.9,7.00,4123,1334,398
52491,147.1,6.80,4125,1334,398
52498,144.9,6.90,4127,1334,398
52505,142.9,7.00,4129,1334,398
52512,142.9,7.00,4131,1334,398
52519,147.1,6.80,4133,1334,398
52526,142.9,7.00,4135,1334,398
52533,144.9,6.90,4137,1334,398
52540,142.9,7.00,4139,1334,398
52547,142.9,7.00,4141,1334,398
52554,144.9,6.90,4143,1334,398
52561,147.1,6.80,4145,1334,398
52568,137.0,7.30,4147,1334,398
52575,149.3,6.70,4149,1334,398
52582,142.9,7.00,4151,1334,398
52588,144.9,6.90,4153,1334,398
52595,147.1,6.80,4155,1334,398
52602,140.8,7.10,4157,1334,398
52609,144.9,6.90,4159,1334,398
52616,144.9,6.90,4161,1334,398
52623,142.9,7.00,4163,1334,398
52630,142.9,7.00,4165,1334,398
52637,144.9,6.90,4167,1334,398
52644,147.1,6.80,4169,1334,398
52651,140.8,7.10,4171,1334,398
52658,147.1,6.80,4173,1334,398
52665,140.8,7.10,4175,1334,398
52672,138.9,7.20,4177,1334,398
52679,151.5,6.60,4179,1334,398
52686,144.9,6.90,4181,1334,398
52693,140.8,7.10,4183,1334,398
52700,144.9,6.90,4185,1334,398
52707,142.9,7.00,4187,1334,398
52713,144.9,6.90,4189,1334,398
52720,142.9,7.00,4191,1334,398
52727,147.1,6.80,4193,1334,398
52734,142.9,7.00,4195,1334,398
52741,140.8,7.10,4197,1334,398
52748,144.9,6.90,4199,1334,398
52755,144.9,6.90,4201,1334,398
52762,144.9,6.90,4203,1334,398
52769,147.1,6.80,4205,1334,398
52776,137.0,7.30,4207,1334,398
52783,149.3,6.70,4209,1334,398
52790,144.9,6.90,4211,1334,398
52797,140.8,7.10,4213,1334,398
52804,147.1,6.80,4215,1334,398
52811,142.9,7.00,4217,1334,398
52818,140.8,7.10,4219,1334,398
52825,147.1,6.80,4221,1334,398
52831,144.9,6.90,4223,1334,398
52838,144.9,6.90,4225,1334,398
52845,140.8,7.10,4227,1334,398
52852,144.9,6.90,4229,1334,398
52859,142.9,7.00,4231,1334,398
52866,144.9,6.90,4233,1334,398
52873,144.9,6.90,4235,1334,398
52880,140.8,7.10,4237,1334,398
52887,147.1,6.80,4239,1334,398
52894,144.9,6.90,4241,1334,398
52901,138.9,7.20,4243,1334,398
52908,144.9,6.90,4245,1334,398
52915,144.9,6.90,4247,1334,398
52922,149.3,6.70,4249,1334,398
52929,144.9,6.90,4251,1334,398
52936,142.9,7.00,4253,1334,398
52943,140.8,7.10,4255,1334,398
52950,144.9,6.90,4257,1334,398
52956,144.9,6.90,4259,1334,398
52963,142.9,7.00,4261,1334,398
52970,144.9,6.90,4263,1334,398
52977,142.9,7.00,4265,1334,398
52984,140.8,7.10,4267,1334,398
52991,149.3,6.70,4269,1334,398
52998,140.8,7.10,4271,1334,398
53005,144.9,6.90,4273,1334,398
53012,147.1,6.80,4275,1334,398
53019,142.9,7.00,4277,1334,398
53026,142.9,7.00,4279,1334,398
53033,144.9,6.90,4281,1334,398
53040,140.8,7.10,4283,1334,398
53047,144.9,6.90,4285,1334,398
53054,144.9,6.90,4287,1334,398
53061,144.9,6.90,4289,1334,398
53068,137.0,7.30,4291,1334,398
53075,151.5,6.60,4293,1334,398
53081,144.9,6.90,4295,1334,398
53089,138.9,7.20,4297,1334,398
53095,149.3,6.70,4299,1334,398
53102,144.9,6.90,4301,1334,398
53109,142.9,7.00,4303,1334,398
53116,142.9,7.00,4305,1334,398
53123,147.1,6.80,4307,1334,398
53130,142.9,7.00,4309,1334,398
53137,138.9,7.20,4311,1334,398
53144,151.5,6.60,4313,1334,398
53151,140.8,7.10,4315,1334,398
53158,147.1,6.80,4317,1334,398
53165,142.9,7.00,4319,1334,398
53172,144.9,6.90,4321,1334,398
53179,138.9,7.20,4323,1334,398
53186,144.9,6.90,4325,1334,398
53193,142.9,7.00,4327,1334,398
53200,140.8,7.10,4329,1334,398
53207,149.3,6.70,4331,1334,398
53214,142.9,7.00,4333,1334,398
53221,142.9,7.00,4335,1334,398
53227,149.3,6.70,4337,1334,398
53234,140.8,7.10,4339,1334,398
53241,144.9,6.90,4341,1334,398
53248,144.9,6.90,4343,1334,398
53255,147.1,6.80,4345,1334,398
53262,142.9,7.00,4347,1334,398
53269,142.9,7.00,4349,1334,398
53276,142.9,7.00,4351,1334,398
53283,144.9,6.90,4353,1334,398
53290,144.9,6.90,4355,1334,398
53297,140.8,7.10,4357,1334,398
53304,147.1,6.80,4359,1334,398
53311,142.9,7.00,4361,1334,398
53318,140.8,7.10,4363,1334,398
53324,149.3,6.70,4365,1334,398
53331,142.9,7.00,4367,1334,398
53338,144.9,6.90,4369,1334,398
53345,142.9,7.00,4371,1334,398
53352,142.9,7.00,4373,1334,398
53359,147.1,6.80,4375,1334,398
53366,142.9,7.00,4377,1334,398
53373,144.9,6.90,4379,1334,398
53380,142.9,7.00,4381,1334,398
53387,142.9,7.00,4383,1334,398
53394,144.9,6.90,4385,1334,398
53401,140.8,7.10,4387,1334,398
53408,144.9,6.90,4389,1334,398
53415,144.9,6.90,4391,1334,398
53422,147.1,6.80,4393,1334,398
53429,142.9,7.00,4395,1334,398
53436,142.9,7.00,4397,1334,398
53443,144.9,6.90,4399,1334,398
53450,142.9,7.00,4401,1334,398
53456,144.9,6.90,4403,1334,398
53463,142.9,7.00,4405,1334,398
53470,147.1,6.80,4407,1334,398
53477,142.9,7.00,4409,1334,398
53484,140.8,7.10,4411,1334,398
53491,147.1,6.80,4413,1334,398
53498,142.9,7.00,4415,1334,398
53505,140.8,7.10,4417,1334,398
53512,147.1,6.80,4419,1334,398
53519,144.9,6.90,4421,1334,398
53526,144.9,6.90,4423,1334,398
53533,140.8,7.10,4425,1334,398
53540,147.1,6.80,4427,1334,398
53547,142.9,7.00,4429,1334,398
53554,142.9,7.00,4431,1334,398
53561,147.1,6.80,4433,1334,398
53568,142.9,7.00,4435,1334,398
53574,144.9,6.90,4437,1334,398
53581,144.9,6.90,4439,1334,398
53588,140.8,7.10,4441,1334,398
53595,147.1,6.80,4443,1334,398
53602,142.9,7.00,4445,1334,398
53609,138.9,7.20,4447,1334,398
53616,149.3,6.70,4449,1334,398
53623,142.9,7.00,4451,1334,398
53630,144.9,6.90,4453,1334,398
53637,142.9,7.00,4455,1334,398
53644,147.1,6.80,4457,1334,398
53651,142.9,7.00,4459,1334,398
53658,142.9,7.00,4461,1334,398
53665,144.9,6.90,4463,1334,398
53672,142.9,7.00,4465,1334,398
53679,144.9,6.90,4467,1334,398
53686,140.8,7.10,4469,1334,398
53692,149.3,6.70,4471,1334,398
53699,142.9,7.00,4473,1334,398
53707,140.8,7.10,4475,1334,398
53714,140.8,7.10,4477,1334,398
53720,149.3,6.70,4479,1334,398
53727,142.9,7.00,4481,1334,398
53734,144.9,6.90,4483,1334,398
53741,144.9,6.90,4485,1334,398
53748,140.8,7.10,4487,1334,398
53755,147.1,6.80,4489,1334,398
53762,144.9,6.90,4491,1334,398
53769,144.9,6.90,4493,1334,398
53776,140.8,7.10,4495,1334,398
53783,142.9,7.00,4497,1334,398
53790,144.9,6.90,4499,1334,398
53797,144.9,6.90,4501,1334,398
53804,142.9,7.00,4503,1334,398
53811,144.9,6.90,4505,1334,398
53818,137.0,7.30,4507,1334,398
53824,156.3,6.40,4509,1334,398
53832,137.0,7.30,4511,1334,398
53838,149.3,6.70,4513,1334,398
53845,142.9,7.00,4515,1334,398
53852,142.9,7.00,4517,1334,398
53859,144.9,6.90,4519,1334,398
53866,144.9,6.90,4521,1334,398
53873,142.9,7.00,4523,1334,398
53880,142.9,7.00,4525,1334,398
53887,144.9,6.90,4527,1334,398
53894,147.1,6.80,4529,1334,398
53901,140.8,7.10,4531,1334,398
53908,149.3,6.70,4533,1334,398
53915,140.8,7.10,4535,1334,398
53922,137.0,7.30,4537,1334,398
53929,151.5,6.60,4539,1334,398
53936,147.1,6.80,4541,1334,398
53943,140.8,7.10,4543,1334,398
53950,144.9,6.90,4545,1334,398
53956,144.9,6.90,4547,1334,398
53963,142.9,7.00,4549,1334,398
53970,144.9,6.90,4551,1334,398
53977,144.9,6.90,4553,1334,398
53984,142.9,7.00,4555,1334,398
53991,144.9,6.90,4557,1334,398
53998,140.8,7.10,4559,1334,398
54005,149.3,6.70,4561,1334,398
54012,137.0,7.30,4563,1334,398
54019,149.3,6.70,4565,1334,398
54026,138.9,7.20,4567,1334,398
54033,149.3,6.70,4569,1334,398
54040,137.0,7.30,4571,1334,398
54047,153.8,6.50,4573,1334,398
54054,140.8,7.10,4575,1334,398
54061,138.9,7.20,4577,1334,398
54068,147.1,6.80,4579,1334,398
54075,147.1,6.80,4581,1334,398
54081,144.9,6.90,4583,1334,398
54089,138.9,7.20,4585,1334,398
54095,151.5,6.60,4587,1334,398
54102,140.8,7.10,4589,1334,398
54109,142.9,7.00,4591,1334,398
54116,142.9,7.00,4593,1334,398
54123,147.1,6.80,4595,1334,398
54130,137.0,7.30,4597,1334,398
54137,149.3,6.70,4599,1334,398
54144,147.1,6.80,4601,1334,398
54151,144.9,6.90,4603,1334,398
54158,142.9,7.00,4605,1334,398
54165,140.8,7.10,4607,1334,398
54172,147.1,6.80,4609,1334,398
54179,144.9,6.90,4611,1334,398
54186,144.9,6.90,4613,1334,398
54193,142.9,7.00,4615,1334,398
54199,144.9,6.90,4617,1334,398
54207,138.9,7.20,4619,1334,398
54213,147.1,6.80,4621,1334,398
54220,142.9,7.00,4623,1334,398
54227,142.9,7.00,4625,1334,398
54234,144.9,6.90,4627,1334,398
54241,147.1,6.80,4629,1334,398
54248,140.8,7.10,4631,1334,398
54255,140.8,7.10,4633,1334,398
54262,153.8,6.50,4635,1334,398
54269,131.6,7.60,4637,1334,398
54276,151.5,6.60,4639,1334,398
54283,144.9,6.90,4641,1334,398
54290,147.1,6.80,4643,1334,398
54297,142.9,7.00,4645,1334,398
54304,140.8,7.10,4647,1334,398
54311,147.1,6.80,4649,1334,398
54318,142.9,7.00,4651,1334,398
54325,142.9,7.00,4653,1334,398
54332,144.9,6.90,4655,1334,398
54339,142.9,7.00,4657,1334,398
54345,149.3,6.70,4659,1334,398
54352,140.8,7.10,4661,1334,398
54359,147.1,6.80,4663,1334,398
54366,140.8,7.10,4665,1334,398
54373,144.9,6.90,4667,1334,398
54380,144.9,6.90,4669,1334,398
54387,142.9,7.00,4671,1334,398
54394,144.9,6.90,4673,1334,398
54401,140.8,7.10,4675,1334,398
54408,147.1,6.80,4677,1334,398
54415,142.9,7.00,4679,1334,398
54422,144.9,6.90,4681,1334,398
54429,142.9,7.00,4683,1334,398
54436,147.1,6.80,4685,1334,398
54443,137.0,7.30,4687,1334,398
54449,151.5,6.60,4689,1334,398
54457,138.9,7.20,4691,1334,398
54463,147.1,6.80,4693,1334,398
54470,144.9,6.90,4695,1334,398
54477,147.1,6.80,4697,1334,398
54485,135.1,7.40,4699,1334,398
54491,153.8,6.50,4701,1334,398
54498,138.9,7.20,4703,1334,398
54505,142.9,7.00,4705,1334,398
54512,147.1,6.80,4707,1334,398
54519,144.9,6.90,4709,1334,398
54526,138.9,7.20,4711,1334,398
54533,144.9,6.90,4713,1334,398
54540,147.1,6.80,4715,1334,398
54547,138.9,7.20,4717,1334,398
54554,149.3,6.70,4719,1334,398
54561,140.8,7.10,4721,1334,398
54568,144.9,6.90,4723,1334,398
54575,144.9,6.90,4725,1334,398
54582,142.9,7.00,4727,1334,398
54588,147.1,6.80,4729,1334,398
54596,140.8,7.10,4731,1334,398
54602,147.1,6.80,4733,1334,398
54609,142.9,7.00,4735,1334,398
54616,142.9,7.00,4737,1334,398
54623,147.1,6.80,4739,1334,398
54630,142.9,7.00,4741,1334,398
54637,144.9,6.90,4743,1334,398
54644,142.9,7.00,4745,1334,398
54651,138.9,7.20,4747,1334,398
54658,151.5,6.60,4749,1334,398
54665,138.9,7.20,4751,1334,398
54672,147.1,6.80,4753,1334,398
54679,142.9,7.00,4755,1334,398
54686,144.9,6.90,4757,1334,398
54693,144.9,6.90,4759,1334,398
54700,140.8,7.10,4761,1334,398
54707,147.1,6.80,4763,1334,398
54714,142.9,7.00,4765,1334,398
54720,144.9,6.90,4767,1334,398
54727,142.9,7.00,4769,1334,398
54734,144.9,6.90,4771,1334,398
54741,142.9,7.00,4773,1334,398
54748,144.9,6.90,4775,1334,398
54756,137.0,7.30,4777,1334,398
54762,156.2,6.40,4779,1334,398
54769,138.9,7.20,4781,1334,398
54776,144.9,6.90,4783,1334,398
54783,144.9,6.90,4785,1334,398
54790,142.9,7.00,4787,1334,398
54797,144.9,6.90,4789,1334,398
54804,140.8,7.10,4791,1334,398
54811,147.1,6.80,4793,1334,398
54818,142.9,7.00,4795,1334,398
54825,142.9,7.00,4797,1334,398
54832,144.9,6.90,4799,1334,398
54839,144.9,6.90,4801,1334,398
54845,144.9,6.90,4803,1334,398
54853,140.8,7.10,4805,1334,398
54860,138.9,7.20,4807,1334,398
54866,156.3,6.40,4809,1334,398
54873,138.9,7.20,4811,1334,398
54880,142.9,7.00,4813,1334,398
54887,147.1,6.80,4815,1334,398
54894,140.8,7.10,4817,1334,398
54901,147.1,6.80,4819,1334,398
54908,142.9,7.00,4821,1334,398
54915,144.9,6.90,4823,1334,398
54922,140.8,7.10,4825,1334,398
54929,147.1,6.80,4827,1334,398
54936,144.9,6.90,4829,1334,398
54943,144.9,6.90,4831,1334,398
54950,142.9,7.00,4833,1334,398
54957,147.1,6.80,4835,1334,398
54964,138.9,7.20,4837,1334,398
54970,151.5,6.60,4839,1334,398
54978,137.0,7.30,4841,1334,398
54984,147.1,6.80,4843,1334,398
54991,147.1,6.80,4845,1334,398
54998,142.9,7.00,4847,1334,398
55005,144.9,6.90,4849,1334,398
55012,142.9,7.00,4851,1334,398
55019,144.9,6.90,4853,1334,398
55026,140.8,7.10,4855,1334,398
55033,147.1,6.80,4857,1334,398
55040,140.8,7.10,4859,1334,398
55047,149.3,6.70,4861,1334,398
55054,140.8,7.10,4863,1334,398
55061,144.9,6.90,4865,1334,398
55068,135.1,7.40,4867,1334,398
55075,156.3,6.40,4869,1334,398
55082,135.1,7.40,4871,1334,398
55092,103.1,9.70,4873,1334,398
55097,204.1,4.90,4875,1334,398
55102,175.4,5.70,4877,1334,398
55109,140.8,7.10,4879,1334,398
55116,140.8,7.10,4881,1334,398
55123,149.3,6.70,4883,1334,398
55130,144.9,6.90,4885,1334,398
55137,140.8,7.10,4887,1334,398
55144,142.9,7.00,4889,1334,398
55151,142.9,7.00,4891,1334,398
55158,144.9,6.90,4893,1334,398
55165,144.9,6.90,4895,1334,398
55172,138.9,7.20,4897,1334,398
55179,151.5,6.60,4899,1334,398
55186,147.1,6.80,4901,1334,398
55193,138.9,7.20,4903,1334,398
55200,147.1,6.80,4905,1334,398
55207,138.9,7.20,4907,1334,398
55214,147.1,6.80,4909,1334,398
55221,142.9,7.00,4911,1334,398
55228,142.9,7.00,4913,1334,398
55235,142.9,7.00,4915,1334,398
55241,149.3,6.70,4917,1334,398
55248,144.9,6.90,4919,1334,398
55255,138.9,7.20,4921,1334,398
55262,144.9,6.90,4923,1334,398
55269,149.3,6.70,4925,1334,398
55276,137.0,7.30,4927,1334,398
55283,153.8,6.50,4929,1334,398
55290,138.9,7.20,4931,1334,398
55297,144.9,6.90,4933,1334,398
55304,142.9,7.00,4935,1334,398
55311,147.1,6.80,4937,1334,398
55318,140.8,7.10,4939,1334,398
55325,147.1,6.80,4941,1334,398
55332,142.9,7.00,4943,1334,398
55339,142.9,7.00,4945,1334,398
55346,142.9,7.00,4947,1334,398
55353,142.9,7.00,4949,1334,398
55360,142.9,7.00,4951,1334,398
55367,142.9,7.00,4953,1334,398
55373,147.1,6.80,4955,1334,398
55380,140.8,7.10,4957,1334,398
55387,147.1,6.80,4959,1334,398
55394,142.9,7.00,4961,1334,398
55401,140.8,7.10,4963,1334,398
55408,149.3,6.70,4965,1334,398
55415,144.9,6.90,4967,1334,398
55422,147.1,6.80,4969,1334,398
55429,137.0,7.30,4971,1334,398
55436,147.1,6.80,4973,1334,398
55443,144.9,6.90,4975,1334,398
55450,142.9,7.00,4977,1334,398
55457,147.1,6.80,4979,1334,398
55464,142.9,7.00,4981,1334,398
55471,142.9,7.00,4983,1334,398
55477,144.9,6.90,4985,1334,398
55485,138.9,7.20,4987,1334,398
55491,151.5,6.60,4989,1334,398
55498,142.9,7.00,4991,1334,398
55506,135.1,7.40,4993,1334,398
55512,153.8,6.50,4995,1334,398
55519,138.9,7.20,4997,1334,398
55526,144.9,6.90,4999,1334,398
55533,147.1,6.80,5001,1334,398
55541,131.6,7.60,5003,1334,398
55550,105.3,9.50,5005,1334,398
55554,232.6,4.30,5007,1334,398
55562,133.3,7.50,5009,1334,398
55568,175.4,5.70,5011,1334,398
55575,144.9,6.90,5013,1334,398
55583,116.3,8.60,5015,1334,398
55589,158.7,6.30,5017,1334,398
55595,166.7,6.00,5019,1334,398
55603,138.9,7.20,5021,1334,398
55609,151.5,6.60,5023,1334,398
55617,137.0,7.30,5025,1334,398
55623,149.3,6.70,5027,1334,398
55630,142.9,7.00,5029,1334,398
55637,142.9,7.00,5031,1334,398
55644,147.1,6.80,5033,1334,398
55651,142.9,7.00,5035,1334,398
55658,144.9,6.90,5037,1334,398
55665,140.8,7.10,5039,1334,398
55672,144.9,6.90,5041,1334,398
55679,144.9,6.90,5043,1334,398
55686,138.9,7.20,5045,1334,398
55693,151.5,6.60,5047,1334,398
55700,142.9,7.00,5049,1334,398
55707,140.8,7.10,5051,1334,398
55713,149.3,6.70,5053,1334,398
55721,140.8,7.10,5055,1334,398
55727,144.9,6.90,5057,1334,398
55734,142.9,7.00,5059,1334,398
55741,149.3,6.70,5061,1334,398
55748,138.9,7.20,5063,1334,398
55755,142.9,7.00,5065,1334,398
55762,147.1,6.80,5067,1334,398
55769,142.9,7.00,5069,1334,398
55776,142.9,7.00,5071,1334,398
55783,147.1,6.80,5073,1334,398
55790,137.0,7.30,5075,1334,398
55797,153.8,6.50,5077,1334,398
55804,140.8,7.10,5079,1334,398
55811,144.9,6.90,5081,1334,398
55818,142.9,7.00,5083,1334,398
55825,144.9,6.90,5085,1334,398
55832,142.9,7.00,5087,1334,398
55839,142.9,7.00,5089,1334,398
55846,144.9,6.90,5091,1334,398
55853,142.9,7.00,5093,1334,398
55859,144.9,6.90,5095,1334,398
55866,144.9,6.90,5097,1334,398
55873,144.9,6.90,5099,1334,398
55880,142.9,7.00,5101,1334,398
55887,142.9,7.00,5103,1334,398
55894,142.9,7.00,5105,1334,398
55901,147.1,6.80,5107,1334,398
55908,142.9,7.00,5109,1334,398
55915,142.9,7.00,5111,1334,398
55922,144.9,6.90,5113,1334,398
55929,144.9,6.90,5115,1334,398
55936,144.9,6.90,5117,1334,398
55943,140.8,7.10,5119,1334,398
55950,147.1,6.80,5121,1334,398
55957,142.9,7.00,5123,1334,398
55963,147.1,6.80,5125,1334,398
55971,140.8,7.10,5127,1334,398
55977,144.9,6.90,5129,1334,398
55984,142.9,7.00,5131,1334,398
55991,144.9,6.90,5133,1334,398
56007,64.1,15.60,5135,1334,398
56013,158.7,6.30,5137,1334,398
56019,178.6,5.60,5139,1334,398
56026,142.9,7.00,5141,1334,398
56033,142.9,7.00,5143,1334,398
56040,140.8,7.10,5145,1334,398
56047,149.3,6.70,5147,1334,398
56054,138.9,7.20,5149,1334,398
56061,142.9,7.00,5151,1334,398
56068,144.9,6.90,5153,1334,398
56075,142.9,7.00,5155,1334,398
56082,144.9,6.90,5157,1334,398
56089,142.9,7.00,5159,1334,398
56096,142.9,7.00,5161,1334,398
56102,149.3,6.70,5163,1334,398
56110,138.9,7.20,5165,1334,398
56116,147.1,6.80,5167,1334,398
56123,144.9,6.90,5169,1334,398
56130,142.9,7.00,5171,1334,398
56137,144.9,6.90,5173,1334,398
56144,142.9,7.00,5175,1334,398
56151,140.8,7.10,5177,1334,398
56158,149.3,6.70,5179,1334,398
56165,142.9,7.00,5181,1334,398
56172,144.9,6.90,5183,1334,398
56179,144.9,6.90,5185,1334,398
56186,140.8,7.10,5187,1334,398
56193,144.9,6.90,5189,1334,398
56200,144.9,6.90,5191,1334,398
56207,131.6,7.60,5193,1334,398
56213,169.5,5.90,5195,1334,398
56221,135.1,7.40,5197,1334,398
56227,144.9,6.90,5199,1334,398
56234,142.9,7.00,5201,1334,398
56242,138.9,7.20,5203,1334,398
56248,153.8,6.50,5205,1334,398
56255,138.9,7.20,5207,1334,398
56262,147.1,6.80,5209,1334,398
56269,142.9,7.00,5211,1334,398
56276,144.9,6.90,5213,1334,398
56283,144.9,6.90,5215,1334,398
56290,142.9,7.00,5217,1334,398
56297,144.9,6.90,5219,1334,398
56304,142.9,7.00,5221,1334,398
56311,140.8,7.10,5223,1334,398
56318,147.1,6.80,5225,1334,398
56325,142.9,7.00,5227,1334,398
56332,144.9,6.90,5229,1334,398
56339,144.9,6.90,5231,1334,398
56346,142.9,7.00,5233,1334,398
56352,144.9,6.90,5235,1334,398
56359,142.9,7.00,5237,1334,398
56366,144.9,6.90,5239,1334,398
56373,144.9,6.90,5241,1334,398
56380,142.9,7.00,5243,1334,398
56387,144.9,6.90,5245,1334,398
56394,140.8,7.10,5247,1334,398
56401,149.3,6.70,5249,1334,398
56408,140.8,7.10,5251,1334,398
56415,142.9,7.00,5253,1334,398
56422,149.3,6.70,5255,1334,398
56429,138.9,7.20,5257,1334,398
56436,147.1,6.80,5259,1334,398
56443,142.9,7.00,5261,1334,398
56450,142.9,7.00,5263,1334,398
56457,142.9,7.00,5265,1334,398
56464,144.9,6.90,5267,1334,398
56471,144.9,6.90,5269,1334,398
56477,149.3,6.70,5271,1334,398
56484,138.9,7.20,5273,1334,398
56491,147.1,6.80,5275,1334,398
56498,140.8,7.10,5277,1334,398
56505,147.1,6.80,5279,1334,398
56512,142.9,7.00,5281,1334,398
56519,144.9,6.90,5283,1334,398
56526,142.9,7.00,5285,1334,398
56533,144.9,6.90,5287,1334,398
56540,140.8,7.10,5289,1334,398
56547,144.9,6.90,5291,1334,398
56554,147.1,6.80,5293,1334,398
56561,142.9,7.00,5295,1334,398
56568,142.9,7.00,5297,1334,398
56575,147.1,6.80,5299,1334,398
56582,140.8,7.10,5301,1334,398
56589,144.9,6.90,5303,1334,398
56596,142.9,7.00,5305,1334,398
56603,140.8,7.10,5307,1334,398
56609,149.3,6.70,5309,1334,398
56616,142.9,7.00,5311,1334,398
56623,142.9,7.00,5313,1334,398
56630,144.9,6.90,5315,1334,398
56637,142.9,7.00,5317,1334,398
56644,144.9,6.90,5319,1334,398
56651,144.9,6.90,5321,1334,398
56658,142.9,7.00,5323,1334,398
56665,140.8,7.10,5325,1334,398
56672,149.3,6.70,5327,1334,398
56679,138.9,7.20,5329,1334,398
56686,151.5,6.60,5331,1334,398
56693,142.9,7.00,5333,1334,398
56699,149.3,6.70,5335,1334,398
56707,137.0,7.30,5337,1334,398
56714,144.9,6.90,5339,1334,398
56721,142.9,7.00,5341,1334,398
56728,142.9,7.00,5343,1334,398
56734,144.9,6.90,5345,1334,398
56741,147.1,6.80,5347,1334,398
56748,140.8,7.10,5349,1334,398
56755,147.1,6.80,5351,1334,398
56762,142.9,7.00,5353,1334,398
56769,142.9,7.00,5355,1334,398
56776,147.1,6.80,5357,1334,398
56783,140.8,7.10,5359,1334,398
56790,144.9,6.90,5361,1334,398
56797,142.9,7.00,5363,1334,398
56804,144.9,6.90,5365,1334,398
56811,142.9,7.00,5367,1334,398
56818,144.9,6.90,5369,1334,398
56825,144.9,6.90,5371,1334,398
56832,138.9,7.20,5373,1334,398
56838,151.5,6.60,5375,1334,398
56845,142.9,7.00,5377,1334,398
56852,142.9,7.00,5379,1334,398
56859,144.9,6.90,5381,1334,398
56866,140.8,7.10,5383,1334,398
56873,144.9,6.90,5385,1334,398
56880,144.9,6.90,5387,1334,398
56887,144.9,6.90,5389,1334,398
56894,142.9,7.00,5391,1334,398
56901,142.9,7.00,5393,1334,398
56908,147.1,6.80,5395,1334,398
56915,142.9,7.00,5397,1334,398
56922,144.9,6.90,5399,1334,398
56929,142.9,7.00,5401,1334,398
56936,138.9,7.20,5403,1334,398
56943,151.5,6.60,5405,1334,398
56950,140.8,7.10,5407,1334,398
56957,144.9,6.90,5409,1334,398
56964,144.9,6.90,5411,1334,398
56971,142.9,7.00,5413,1334,398
56978,142.9,7.00,5415,1334,398
56984,147.1,6.80,5417,1334,398
56991,142.9,7.00,5419,1334,398
56998,140.8,7.10,5421,1334,398
57005,147.1,6.80,5423,1334,398
57012,142.9,7.00,5425,1334,398
57019,142.9,7.00,5427,1334,398
57026,147.1,6.80,5429,1334,398
57033,142.9,7.00,5431,1334,398
57040,140.8,7.10,5433,1334,398
57047,151.5,6.60,5435,1334,398
57054,138.9,7.20,5437,1334,398
57061,147.1,6.80,5439,1334,398
57068,142.9,7.00,5441,1334,398
57075,140.8,7.10,5443,1334,398
57081,151.5,6.60,5445,1334,398
57089,140.8,7.10,5447,1334,398
57096,140.8,7.10,5449,1334,398
57102,147.1,6.80,5451,1334,398
57109,144.9,6.90,5453,1334,398
57116,144.9,6.90,5455,1334,398
57123,140.8,7.10,5457,1334,398
57130,144.9,6.90,5459,1334,398
57137,147.1,6.80,5461,1334,398
57144,137.0,7.30,5463,1334,398
57151,147.1,6.80,5465,1334,398
57158,147.1,6.80,5467,1334,398
57165,142.9,7.00,5469,1334,398
57172,144.9,6.90,5471,1334,398
57179,144.9,6.90,5473,1334,398
57186,142.9,7.00,5475,1334,398
57193,144.9,6.90,5477,1334,398
57200,142.9,7.00,5479,1334,398
57207,142.9,7.00,5481,1334,398
57214,138.9,7.20,5483,1334,398
57220,156.3,6.40,5485,1334,398
57228,137.0,7.30,5487,1334,398
57234,147.1,6.80,5489,1334,398
57241,144.9,6.90,5491,1334,398
57249,133.3,7.50,5493,1334,398
57255,163.9,6.10,5495,1334,398
57262,138.9,7.20,5497,1334,398
57269,138.9,7.20,5499,1334,398
57276,147.1,6.80,5501,1334,398
57283,142.9,7.00,5503,1334,398
57290,144.9,6.90,5505,1334,398
57297,144.9,6.90,5507,1334,398
57304,140.8,7.10,5509,1334,398
57311,147.1,6.80,5511,1334,398
57318,140.8,7.10,5513,1334,398
57324,153.8,6.50,5515,1334,398
57332,135.1,7.40,5517,1334,398
57339,144.9,6.90,5519,1334,398
57345,147.1,6.80,5521,1334,398
57353,140.8,7.10,5523,1334,398
57359,149.3,6.70,5525,1334,398
57366,142.9,7.00,5527,1334,398
57373,142.9,7.00,5529,1334,398
57380,144.9,6.90,5531,1334,398
57387,142.9,7.00,5533,1334,398
57394,142.9,7.00,5535,1334,398
57401,144.9,6.90,5537,1334,398
57408,144.9,6.90,5539,1334,398
57415,142.9,7.00,5541,1334,398
57422,144.9,6.90,5543,1334,398
57429,144.9,6.90,5545,1334,398
57436,142.9,7.00,5547,1334,398
57443,144.9,6.90,5549,1334,398
57450,142.9,7.00,5551,1334,398
57457,138.9,7.20,5553,1334,398
57463,151.5,6.60,5555,1334,398
57471,138.9,7.20,5557,1334,398
57477,147.1,6.80,5559,1334,398
57485,137.0,7.30,5561,1334,398
57491,156.3,6.40,5563,1334,398
57498,140.8,7.10,5565,1334,398
57505,144.9,6.90,5567,1334,398
57512,140.8,7.10,5569,1334,398
57519,144.9,6.90,5571,1334,398
57526,144.9,6.90,5573,1334,398
57533,142.9,7.00,5575,1334,398
57540,142.9,7.00,5577,1334,398
57547,147.1,6.80,5579,1334,398
57554,140.8,7.10,5581,1334,398
57561,140.8,7.10,5583,1334,398
57568,151.5,6.60,5585,1334,398
57575,142.9,7.00,5587,1334,398
57582,144.9,6.90,5589,1334,398
57589,142.9,7.00,5591,1334,398
57596,142.9,7.00,5593,1334,398
57603,140.8,7.10,5595,1334,398
57609,149.3,6.70,5597,1334,398
57616,142.9,7.00,5599,1334,398
57623,142.9,7.00,5601,1334,398
57630,142.9,7.00,5603,1334,398
57637,147.1,6.80,5605,1334,398
57644,142.9,7.00,5607,1334,398
57651,144.9,6.90,5609,1334,398
57658,144.9,6.90,5611,1334,398
57665,138.9,7.20,5613,1334,398
57672,149.3,6.70,5615,1334,398
57679,144.9,6.90,5617,1334,398
57686,140.8,7.10,5619,1334,398
57693,144.9,6.90,5621,1334,398
57700,144.9,6.90,5623,1334,398
57707,144.9,6.90,5625,1334,398
57714,144.9,6.90,5627,1334,398
57721,142.9,7.00,5629,1334,398
57727,144.9,6.90,5631,1334,398
57734,142.9,7.00,5633,1334,398
57741,144.9,6.90,5635,1334,398
57748,142.9,7.00,5637,1334,398
57755,144.9,6.90,5639,1334,398
57762,140.8,7.10,5641,1334,398
57769,140.8,7.10,5643,1334,398
57776,153.8,6.50,5645,1334,398
57783,144.9,6.90,5647,1334,398
57790,138.9,7.20,5649,1334,398
57797,144.9,6.90,5651,1334,398
57804,142.9,7.00,5653,1334,398
57811,147.1,6.80,5655,1334,398
57818,142.9,7.00,5657,1334,398
57825,142.9,7.00,5659,1334,398
57832,144.9,6.90,5661,1334,398
57839,144.9,6.90,5663,1334,398
57845,144.9,6.90,5665,1334,398
57852,142.9,7.00,5667,1334,398
57859,144.9,6.90,5669,1334,398
57866,142.9,7.00,5671,1334,398
57874,138.9,7.20,5673,1334,398
57880,153.8,6.50,5675,1334,398
57887,140.8,7.10,5677,1334,398
57894,144.9,6.90,5679,1334,398
57901,142.9,7.00,5681,1334,398
57908,144.9,6.90,5683,1334,398
57915,142.9,7.00,5685,1334,398
57922,144.9,6.90,5687,1334,398
57929,142.9,7.00,5689,1334,398
57936,144.9,6.90,5691,1334,398
57943,142.9,7.00,5693,1334,398
57950,142.9,7.00,5695,1334,398
57957,144.9,6.90,5697,1334,398
57964,144.9,6.90,5699,1334,398
57970,144.9,6.90,5701,1334,398
57978,138.9,7.20,5703,1334,398
57984,149.3,6.70,5705,1334,398
57991,142.9,7.00,5707,1334,398
57998,142.9,7.00,5709,1334,398
58005,144.9,6.90,5711,1334,398
58012,147.1,6.80,5713,1334,398
58019,142.9,7.00,5715,1334,398
58026,142.9,7.00,5717,1334,398
58033,144.9,6.90,5719,1334,398
58040,142.9,7.00,5721,1334,398
58047,144.9,6.90,5723,1334,398
58054,140.8,7.10,5725,1334,398
58061,151.5,6.60,5727,1334,398
58068,142.9,7.00,5729,1334,398
58075,142.9,7.00,5731,1334,398
58082,133.3,7.50,5733,1334,398
58088,161.3,6.20,5735,1334,398
58096,138.9,7.20,5737,1334,398
58103,140.8,7.10,5739,1334,398
58109,151.5,6.60,5741,1334,398
58116,144.9,6.90,5743,1334,398
58123,137.0,7.30,5745,1334,398
58130,147.1,6.80,5747,1334,398
58137,147.1,6.80,5749,1334,398
58144,142.9,7.00,5751,1334,398
58151,140.8,7.10,5753,1334,398
58158,149.3,6.70,5755,1334,398
58165,142.9,7.00,5757,1334,398
58172,142.9,7.00,5759,1334,398
58179,142.9,7.00,5761,1334,398
58186,142.9,7.00,5763,1334,398
58193,144.9,6.90,5765,1334,398
58200,142.9,7.00,5767,1334,398
58207,140.8,7.10,5769,1334,398
58214,147.1,6.80,5771,1334,398
58220,147.1,6.80,5773,1334,398
58228,140.8,7.10,5775,1334,398
58234,147.1,6.80,5777,1334,398
58241,140.8,7.10,5779,1334,398
58248,147.1,6.80,5781,1334,398
58255,144.9,6.90,5783,1334,398
58262,147.1,6.80,5785,1334,398
58269,140.8,7.10,5787,1334,398
58276,144.9,6.90,5789,1334,398
58283,142.9,7.00,5791,1334,398
58290,140.8,7.10,5793,1334,398
58297,147.1,6.80,5795,1334,398
58304,142.9,7.00,5797,1334,398
58311,147.1,6.80,5799,1334,398
58318,140.8,7.10,5801,1334,398
58325,144.9,6.90,5803,1334,398
58332,144.9,6.90,5805,1334,398
58339,140.8,7.10,5807,1334,398
58345,147.1,6.80,5809,1334,398
58352,144.9,6.90,5811,1334,398
58359,144.9,6.90,5813,1334,398
58366,140.8,7.10,5815,1334,398
58373,144.9,6.90,5817,1334,398
58380,144.9,6.90,5819,1334,398
58387,140.8,7.10,5821,1334,398
58394,142.9,7.00,5823,1334,398
58401,147.1,6.80,5825,1334,398
58408,144.9,6.90,5827,1334,398
58415,144.9,6.90,5829,1334,398
58422,142.9,7.00,5831,1334,398
58429,142.9,7.00,5833,1334,398
58436,142.9,7.00,5835,1334,398
58443,147.1,6.80,5837,1334,398
58450,140.8,7.10,5839,1334,398
58457,147.1,6.80,5841,1334,398
58464,140.8,7.10,5843,1334,398
58471,144.9,6.90,5845,1334,398
58477,144.9,6.90,5847,1334,398
58485,140.8,7.10,5849,1334,398
58491,151.5,6.60,5851,1334,398
58498,137.0,7.30,5853,1334,398
58505,151.5,6.60,5855,1334,398
58512,140.8,7.10,5857,1334,398
58519,140.8,7.10,5859,1334,398
58526,147.1,6.80,5861,1334,398
58533,142.9,7.00,5863,1334,398
58540,142.9,7.00,5865,1334,398
58547,147.1,6.80,5867,1334,398
58554,144.9,6.90,5869,1334,398
58561,140.8,7.10,5871,1334,398
58568,147.1,6.80,5873,1334,398
58575,142.9,7.00,5875,1334,398
58582,142.9,7.00,5877,1334,398
58589,144.9,6.90,5879,1334,398
58596,142.9,7.00,5881,1334,398
58603,138.9,7.20,5883,1334,398
58609,153.8,6.50,5885,1334,398
58616,140.8,7.10,5887,1334,398
58623,147.1,6.80,5889,1334,398
58630,142.9,7.00,5891,1334,398
58637,138.9,7.20,5893,1334,398
58644,151.5,6.60,5895,1334,398
58651,140.8,7.10,5897,1334,398
58658,142.9,7.00,5899,1334,398
58665,149.3,6.70,5901,1334,398
58672,142.9,7.00,5903,1334,398
58679,144.9,6.90,5905,1334,398
58686,138.9,7.20,5907,1334,398
58693,144.9,6.90,5909,1334,398
58700,147.1,6.80,5911,1334,398
58707,140.8,7.10,5913,1334,398
58713,151.5,6.60,5915,1334,398
58721,138.9,7.20,5917,1334,398
58727,147.1,6.80,5919,1334,398
58734,140.8,7.10,5921,1334,398
58741,147.1,6.80,5923,1334,398
58748,144.9,6.90,5925,1334,398
58755,140.8,7.10,5927,1334,398
58762,144.9,6.90,5929,1334,398
58769,140.8,7.10,5931,1334,398
58776,149.3,6.70,5933,1334,398
58783,137.0,7.30,5935,1334,398
58790,153.8,6.50,5937,1334,398
58797,142.9,7.00,5939,1334,398
58804,147.1,6.80,5941,1334,398
58811,137.0,7.30,5943,1334,398
58818,147.1,6.80,5945,1334,398
58825,144.9,6.90,5947,1334,398
58832,142.9,7.00,5949,1334,398
58838,144.9,6.90,5951,1334,398
58846,140.8,7.10,5953,1334,398
58852,144.9,6.90,5955,1334,398
58859,142.9,7.00,5957,1334,398
58866,142.9,7.00,5959,1334,398
58873,144.9,6.90,5961,1334,398
58880,149.3,6.70,5963,1334,398
58887,140.8,7.10,5965,1334,398
58894,144.9,6.90,5967,1334,398
58901,144.9,6.90,5969,1334,398
58908,142.9,7.00,5971,1334,398
58915,138.9,7.20,5973,1334,398
58922,151.5,6.60,5975,1334,398
58929,142.9,7.00,5977,1334,398
58936,142.9,7.00,5979,1334,398
58943,144.9,6.90,5981,1334,398
58950,140.8,7.10,5983,1334,398
58957,144.9,6.90,5985,1334,398
58964,144.9,6.90,5987,1334,398
58970,144.9,6.90,5989,1334,398
58977,142.9,7.00,5991,1334,398
58984,144.9,6.90,5993,1334,398
58991,142.9,7.00,5995,1334,398
58998,147.1,6.80,5997,1334,398
59005,140.8,7.10,5999,1334,398
59012,144.9,6.90,6001,1334,398
59019,140.8,7.10,6003,1334,398
59026,151.5,6.60,6005,1334,398
59033,138.9,7.20,6007,1334,398
59040,144.9,6.90,6009,1334,398
59047,147.1,6.80,6011,1334,398
59054,142.9,7.00,6013,1334,398
59061,140.8,7.10,6015,1334,398
59068,147.1,6.80,6017,1334,398
59075,142.9,7.00,6019,1334,398
59082,144.9,6.90,6021,1334,398
59089,140.8,7.10,6023,1334,398
59095,147.1,6.80,6025,1334,398
59102,142.9,7.00,6027,1334,398
59109,144.9,6.90,6029,1334,398
59116,144.9,6.90,6031,1334,398
59123,138.9,7.20,6033,1334,398
59130,151.5,6.60,6035,1334,398
59137,140.8,7.10,6037,1334,398
59144,147.1,6.80,6039,1334,398
59151,140.8,7.10,6041,1334,398
59158,144.9,6.90,6043,1334,398
59165,142.9,7.00,6045,1334,398
59172,144.9,6.90,6047,1334,398
59179,142.9,7.00,6049,1334,398
59186,144.9,6.90,6051,1334,398
59193,142.9,7.00,6053,1334,398
59200,144.9,6.90,6055,1334,398
59206,147.1,6.80,6057,1334,398
59213,142.9,7.00,6059,1334,398
59221,140.8,7.10,6061,1334,398
59228,138.9,7.20,6063,1334,398
59234,156.3,6.40,6065,1334,398
59241,138.9,7.20,6067,1334,398
59248,144.9,6.90,6069,1334,398
59255,144.9,6.90,6071,1334,398
59262,140.8,7.10,6073,1334,398
59269,147.1,6.80,6075,1334,398
59276,142.9,7.00,6077,1334,398
59283,147.1,6.80,6079,1334,398
59290,138.9,7.20,6081,1334,398
59297,147.1,6.80,6083,1334,398
59304,142.9,7.00,6085,1334,398
59311,144.9,6.90,6087,1334,398
59318,144.9,6.90,6089,1334,398
59325,140.8,7.10,6091,1334,398
59332,142.9,7.00,6093,1334,398
59339,147.1,6.80,6095,1334,398
59346,142.9,7.00,6097,1334,398
59352,144.9,6.90,6099,1334,398
59359,144.9,6.90,6101,1334,398
59366,140.8,7.10,6103,1334,398
59373,147.1,6.80,6105,1334,398
59380,140.8,7.10,6107,1334,398
59387,147.1,6.80,6109,1334,398
59394,142.9,7.00,6111,1334,398
59401,142.9,7.00,6113,1334,398
59408,144.9,6.90,6115,1334,398
59415,147.1,6.80,6117,1334,398
59422,140.8,7.10,6119,1334,398
59429,142.9,7.00,6121,1334,398
59436,140.8,7.10,6123,1334,398
59443,151.5,6.60,6125,1334,398
59450,142.9,7.00,6127,1334,398
59457,144.9,6.90,6129,1334,398
59464,142.9,7.00,6131,1334,398
59470,144.9,6.90,6133,1334,398
59477,142.9,7.00,6135,1334,398
59484,144.9,6.90,6137,1334,398
59491,142.9,7.00,6139,1334,398
59498,147.1,6.80,6141,1334,398
59505,144.9,6.90,6143,1334,398
59512,142.9,7.00,6145,1334,398
59519,142.9,7.00,6147,1334,398
59526,144.9,6.90,6149,1334,398
59533,142.9,7.00,6151,1334,398
59540,138.9,7.20,6153,1334,398
59547,151.5,6.60,6155,1334,398
59554,140.8,7.10,6157,1334,398
59561,144.9,6.90,6159,1334,398
59568,144.9,6.90,6161,1334,398
59575,142.9,7.00,6163,1334,398
59582,147.1,6.80,6165,1334,398
59589,140.8,7.10,6167,1334,398
59596,142.9,7.00,6169,1334,398
59602,147.1,6.80,6171,1334,398
59610,140.8,7.10,6173,1334,398
59617,142.9,7.00,6175,1334,398
59623,149.3,6.70,6177,1334,398
59630,138.9,7.20,6179,1334,398
59637,142.9,7.00,6181,1334,398
59644,142.9,7.00,6183,1334,398
59651,151.5,6.60,6185,1334,398
59658,138.9,7.20,6187,1334,398
59665,147.1,6.80,6189,1334,398
59672,142.9,7.00,6191,1334,398
59679,151.5,6.60,6193,1334,398
59686,137.0,7.30,6195,1334,398
59693,147.1,6.80,6197,1334,398
59700,144.9,6.90,6199,1334,398
59707,142.9,7.00,6201,1334,398
59714,142.9,7.00,6203,1334,398
59721,137.0,7.30,6205,1334,398
59728,149.3,6.70,6207,1334,398
59735,142.9,7.00,6209,1334,398
59741,147.1,6.80,6211,1334,398
59749,138.9,7.20,6213,1334,398
59755,149.3,6.70,6215,1334,398
59762,142.9,7.00,6217,1334,398
59769,142.9,7.00,6219,1334,398
59776,149.3,6.70,6221,1334,398
59783,140.8,7.10,6223,1334,398
59790,144.9,6.90,6225,1334,398
59797,149.3,6.70,6227,1334,398
59804,142.9,7.00,6229,1334,398
59811,142.9,7.00,6231,1334,398
59818,147.1,6.80,6233,1334,398
59825,142.9,7.00,6235,1334,398
59831,144.9,6.90,6237,1334,398
59838,144.9,6.90,6239,1334,398
59845,140.8,7.10,6241,1334,398
59852,142.9,7.00,6243,1334,398
59859,147.1,6.80,6245,1334,398
59866,142.9,7.00,6247,1334,398
59873,142.9,7.00,6249,1334,398
59880,140.8,7.10,6251,1334,398
59887,147.1,6.80,6253,1334,398
59894,142.9,7.00,6255,1334,398
59901,147.1,6.80,6257,1334,398
59908,144.9,6.90,6259,1334,398
59915,144.9,6.90,6261,1334,398
59922,142.9,7.00,6263,1334,398
59929,144.9,6.90,6265,1334,398
59936,144.9,6.90,6267,1334,398
59943,142.9,7.00,6269,1334,398
59950,142.9,7.00,6271,1334,398
59957,137.0,7.30,6273,1334,398
59964,149.3,6.70,6275,1334,398
59971,142.9,7.00,6277,1334,398
59977,147.1,6.80,6279,1334,398
59984,142.9,7.00,6281,1334,398
59991,147.1,6.80,6283,1334,398
59998,142.9,7.00,6285,1334,398
60005,142.9,7.00,6287,1334,398
