API de Renderizacao: WEBGPU
Cenario: D
Timestamp Unix de Inicio do Ensaio (ms): 1787452863686
Tempo de Carregamento Inicial (Assets + Draco): 5.66 segundos (5657.70 ms)
Taxa de Quadros (FPS) Media: 117.87 FPS
Taxa de Quadros (FPS) Minima (Pico de Engasgo): 0.60 FPS
Taxa de Quadros (FPS) Maxima: 238.10 FPS
Tempo de Frame Medio: 18.65 ms
Tempo de Frame Maximo: 1674.40 ms
Draw Calls Medio: 236.0
Draw Calls Maximo: 1008
Geometrias na VRAM (final): 1334
Texturas na VRAM (final): 398
Total de Quadros Amostrados: 3217 frames

--- DADOS BRUTOS QUADRO A QUADRO ---
Tempo Decorrido (ms),FPS Instantaneo,Tempo de Frame (ms),Draw Calls,Geometrias,Texturas
1675,0.6,1674.40,1008,1332,398
1685,92.6,10.80,1008,1332,398
1852,6.0,166.20,1006,1332,398
2045,5.2,193.10,1003,1332,398
2147,9.7,102.60,1002,1332,398
2241,10.7,93.30,1001,1332,398
2344,9.6,103.70,999,1332,398
2447,9.8,102.10,998,1332,398
2542,10.5,95.60,997,1332,398
2640,10.2,98.20,997,1332,398
2743,9.7,102.90,993,1332,398
2841,10.3,97.30,990,1332,398
2927,11.6,86.50,990,1332,398
3009,12.3,81.50,990,1332,398
3095,11.6,86.00,989,1332,398
3175,12.4,80.80,988,1332,398
3258,12.1,82.60,985,1332,398
3338,12.5,80.00,983,1332,398
3418,12.5,79.70,982,1332,398
3515,10.3,97.30,981,1332,398
3605,11.0,90.50,979,1332,398
3691,11.6,86.00,977,1332,398
3773,12.3,81.20,976,1332,398
3854,12.3,81.40,974,1332,398
3937,12.0,83.20,974,1332,398
4028,11.1,90.30,972,1332,398
4113,11.8,85.00,972,1332,398
4197,11.8,84.40,969,1332,398
4296,10.1,99.10,966,1332,398
4392,10.4,96.30,966,1332,398
4490,10.3,97.50,965,1332,398
4574,11.9,84.20,964,1332,398
4660,11.7,85.50,964,1332,398
4743,12.0,83.40,963,1332,398
4828,11.7,85.20,963,1332,398
4913,11.8,84.40,962,1332,398
5000,11.5,87.10,961,1332,398
5090,11.1,90.30,960,1332,398
5177,11.5,87.20,958,1332,398
5264,11.6,86.30,956,1332,398
5350,11.6,86.50,955,1332,398
5438,11.4,87.90,955,1332,398
5534,10.4,96.40,954,1332,398
5625,11.0,90.60,952,1332,398
5712,11.5,86.80,950,1332,398
5800,11.4,87.80,948,1332,398
5889,11.2,89.10,948,1332,398
5975,11.5,86.80,949,1332,398
6070,10.6,94.50,949,1332,398
6160,11.1,89.90,949,1332,398
6247,11.4,87.50,948,1332,398
6333,11.7,85.60,948,1332,398
6412,12.7,78.60,948,1332,398
6500,11.4,88.00,947,1332,398
6587,11.5,87.20,947,1332,398
6666,12.5,79.70,947,1332,398
6743,13.0,76.90,945,1332,398
6821,12.8,78.10,944,1332,398
6899,13.0,77.20,944,1332,398
6980,12.2,81.70,945,1332,398
7067,11.6,86.50,944,1332,398
7146,12.6,79.10,943,1332,398
7221,13.4,74.60,942,1332,398
7297,13.1,76.40,940,1332,398
7375,12.7,78.50,940,1332,398
7456,12.4,80.80,939,1332,398
7543,11.5,86.90,938,1332,398
7623,12.5,79.90,935,1332,398
7703,12.6,79.50,932,1332,398
7784,12.2,81.90,931,1332,398
7864,12.6,79.60,930,1332,398
7944,12.5,80.20,928,1332,398
8026,12.3,81.40,926,1332,398
8111,11.7,85.20,924,1332,398
8192,12.4,80.70,923,1332,398
8273,12.3,81.00,923,1332,398
8354,12.3,81.50,921,1332,398
8447,10.8,93.00,921,1332,398
8549,9.8,101.80,918,1332,398
8649,10.0,100.20,917,1332,398
8732,12.0,83.20,915,1332,398
8814,12.2,82.10,914,1332,398
8896,12.2,81.70,914,1332,398
8979,12.1,82.70,914,1332,398
9067,11.4,88.00,911,1332,398
9151,11.9,83.70,910,1332,398
9231,12.4,80.70,908,1332,398
9310,12.6,79.20,908,1332,398
9390,12.6,79.30,906,1332,398
9472,12.2,82.30,906,1332,398
9557,11.8,84.50,906,1332,398
9636,12.5,79.70,906,1332,398
9715,12.7,78.70,904,1332,398
9793,12.9,77.70,903,1332,398
9870,12.9,77.40,901,1332,398
9946,13.1,76.30,900,1332,398
10024,12.8,78.10,898,1332,398
10107,12.1,82.80,896,1332,398
10184,13.0,76.80,893,1332,398
10261,13.1,76.50,890,1332,398
10337,13.2,76.00,879,1332,398
10413,13.0,76.80,878,1332,398
10500,11.6,86.30,876,1332,398
10585,11.8,84.90,866,1332,398
10662,12.9,77.40,859,1332,398
10737,13.2,75.50,854,1332,398
10826,11.2,88.90,850,1332,398
10902,13.1,76.10,844,1332,398
10979,13.1,76.60,841,1332,398
11056,13.0,77.10,839,1332,398
11137,12.4,80.40,826,1332,398
11211,13.5,74.00,815,1332,398
11286,13.3,75.00,809,1332,398
11360,13.5,74.00,799,1332,398
11431,13.9,71.90,794,1332,398
11517,11.8,85.10,783,1332,398
11590,13.6,73.30,781,1332,398
11664,13.5,74.10,769,1332,398
11736,13.9,71.70,762,1332,398
11807,14.0,71.50,757,1332,398
11879,13.9,72.20,754,1332,398
11951,14.0,71.60,749,1332,398
12023,13.9,71.90,746,1332,398
12105,12.1,82.40,743,1332,398
12176,14.1,70.90,741,1332,398
12247,14.0,71.20,737,1332,398
12319,13.9,71.80,731,1332,398
12391,13.9,72.10,723,1332,398
12463,14.0,71.40,719,1332,398
12548,11.7,85.50,715,1332,398
12632,12.0,83.50,706,1332,398
12715,12.0,83.20,704,1332,398
12787,13.8,72.40,699,1332,398
12861,13.6,73.40,698,1332,398
12933,13.9,72.10,689,1332,398
13015,12.1,82.60,684,1332,398
13097,12.3,81.50,681,1332,398
13180,12.0,83.10,680,1332,398
13255,13.4,74.80,674,1332,398
13328,13.7,73.10,672,1332,398
13402,13.4,74.40,662,1332,398
13475,13.8,72.30,652,1332,398
13565,11.1,90.30,642,1332,398
13639,13.6,73.80,634,1332,398
13715,13.1,76.10,627,1332,398
13790,13.4,74.70,624,1332,398
13866,13.1,76.60,620,1332,398
13939,13.7,73.10,612,1332,398
14013,13.5,74.00,605,1332,398
14094,12.4,80.80,601,1332,398
14174,12.6,79.30,592,1332,398
14250,13.2,76.00,586,1332,398
14326,13.1,76.20,572,1332,398
14402,13.1,76.50,567,1332,398
14479,13.1,76.50,562,1332,398
14570,11.0,90.70,557,1332,398
14650,12.5,80.00,550,1332,398
14726,13.0,76.80,543,1332,398
14805,12.7,78.70,538,1332,398
14880,13.3,75.10,537,1332,398
14960,12.5,79.70,536,1332,398
15034,13.4,74.50,534,1332,398
15127,10.8,92.90,530,1332,398
15213,11.6,86.00,528,1332,398
15295,12.2,81.70,524,1332,398
15376,12.3,81.40,522,1332,398
15458,12.3,81.60,516,1332,398
15547,11.3,88.70,516,1332,398
15628,12.3,81.30,511,1332,398
15710,12.2,81.80,507,1332,398
15791,12.3,81.60,502,1332,398
15870,12.7,78.90,498,1332,398
15951,12.4,80.60,498,1332,398
16029,12.8,78.20,494,1332,398
16122,10.8,92.50,491,1332,398
16202,12.5,80.00,488,1332,398
16281,12.6,79.20,485,1332,398
16361,12.5,79.70,480,1332,398
16441,12.5,80.20,478,1332,398
16535,10.7,93.70,476,1332,398
16627,10.8,92.30,471,1332,398
16708,12.3,81.60,467,1332,398
16801,10.8,92.50,466,1332,398
16894,10.8,92.90,464,1332,398
16976,12.2,82.00,462,1332,398
17059,12.1,82.70,461,1332,398
17146,11.4,87.70,459,1332,398
17226,12.5,79.80,458,1332,398
17319,10.7,93.10,455,1332,398
17401,12.3,81.50,453,1332,398
17484,12.0,83.30,451,1332,398
17564,12.5,79.90,448,1332,398
17644,12.5,80.00,447,1332,398
17725,12.4,80.70,445,1332,398
17804,12.6,79.20,440,1332,398
17903,10.1,99.00,438,1332,398
18003,10.0,99.90,437,1332,398
18104,9.9,100.90,434,1332,398
18190,11.6,86.10,428,1332,398
18288,10.1,98.80,425,1332,398
18388,10.0,99.90,423,1332,398
18484,10.5,95.40,421,1332,398
18580,10.4,95.90,420,1332,398
18682,9.8,102.10,418,1332,398
18764,12.1,82.70,414,1332,398
18865,10.0,100.20,412,1332,398
18967,9.8,102.30,408,1332,398
19058,11.0,91.20,406,1332,398
19146,11.4,87.80,405,1332,398
19223,13.0,77.00,401,1332,398
19301,12.8,78.10,401,1332,398
19377,13.2,76.00,396,1332,398
19467,11.1,90.30,395,1332,398
19562,10.5,94.80,393,1332,398
19638,13.2,75.90,390,1332,398
19713,13.3,75.30,389,1332,398
19789,13.3,75.10,388,1332,398
19863,13.4,74.60,386,1332,398
19938,13.4,74.50,385,1332,398
20011,13.6,73.80,383,1332,398
20086,13.5,74.30,379,1332,398
20164,12.7,78.50,378,1332,398
20244,12.5,80.00,377,1332,398
20320,13.1,76.10,374,1332,398
20397,13.0,76.80,372,1332,398
20474,12.9,77.30,372,1332,398
20566,11.0,91.30,371,1332,398
20656,11.0,90.60,369,1332,398
20735,12.6,79.10,369,1332,398
20813,12.9,77.70,365,1332,398
20892,12.7,78.70,364,1332,398
20987,10.5,95.10,362,1332,398
21083,10.4,95.70,358,1332,398
21167,11.9,84.30,357,1332,398
21247,12.5,80.30,358,1332,398
21327,12.5,79.70,357,1332,398
21407,12.5,80.20,355,1332,398
21487,12.5,80.20,353,1332,398
21569,12.3,81.50,352,1332,398
21667,10.2,98.50,352,1332,398
21752,11.8,84.90,349,1332,398
21834,12.2,82.20,348,1332,398
21916,12.3,81.50,347,1332,398
21996,12.5,79.80,345,1332,398
22092,10.4,96.30,345,1332,398
22187,10.5,94.80,343,1332,398
22298,9.0,111.40,343,1332,398
22392,10.6,93.90,342,1332,398
22505,8.9,112.50,340,1332,398
22628,8.1,123.20,337,1332,398
22729,9.9,100.80,335,1332,398
22843,8.7,114.70,335,1332,398
22923,12.6,79.60,333,1332,398
23007,11.8,84.60,333,1332,398
23101,10.6,93.90,333,1332,398
23191,11.1,89.80,333,1332,398
23259,14.7,67.80,333,1332,398
23326,15.0,66.60,332,1332,398
23390,15.6,64.00,331,1332,398
23439,20.2,49.50,330,1332,398
23509,14.2,70.30,329,1332,398
23574,15.6,64.30,329,1332,398
23641,14.8,67.50,327,1332,398
23695,18.6,53.90,327,1332,398
23740,22.2,45.00,327,1332,398
23815,13.3,75.40,325,1332,398
23882,15.0,66.60,326,1332,398
23946,15.5,64.40,326,1332,398
23989,23.3,43.00,325,1332,398
24052,15.9,62.70,326,1332,398
24117,15.3,65.30,326,1332,398
24195,13.0,77.20,326,1332,398
24262,14.9,67.20,327,1332,398
24305,22.9,43.60,327,1332,398
24369,15.7,63.60,325,1332,398
24433,15.6,63.90,324,1332,398
24499,15.0,66.50,323,1332,398
24545,22.2,45.00,322,1332,398
24613,14.6,68.30,321,1332,398
24680,14.9,67.00,320,1332,398
24743,15.7,63.60,320,1332,398
24785,24.3,41.20,320,1332,398
24827,23.5,42.60,321,1332,398
24886,17.0,58.90,322,1332,398
24928,23.6,42.30,323,1332,398
24971,23.2,43.10,322,1332,398
25014,23.5,42.60,321,1332,398
25056,23.8,42.00,320,1332,398
25108,19.3,51.70,320,1332,398
25157,20.4,48.90,320,1332,398
25208,19.6,50.90,320,1332,398
25254,21.6,46.40,320,1332,398
25299,22.2,45.00,321,1332,398
25340,24.3,41.20,321,1332,398
25385,22.4,44.70,322,1332,398
25426,24.2,41.30,326,1332,398
25468,24.0,41.60,326,1332,398
25511,23.4,42.80,326,1332,398
25558,21.1,47.50,328,1332,398
25606,20.8,48.10,328,1332,398
25652,21.8,45.80,328,1332,398
25698,21.8,45.90,329,1332,398
25742,22.6,44.20,331,1332,398
25786,23.0,43.40,333,1332,398
25828,23.5,42.50,333,1332,398
25870,23.9,41.80,333,1332,398
25913,23.3,43.00,335,1332,398
25961,21.0,47.60,338,1332,398
26014,18.6,53.80,341,1332,398
26057,23.3,42.90,344,1332,398
26101,22.6,44.20,347,1332,398
26151,20.2,49.40,348,1332,398
26199,20.9,47.90,353,1332,398
26242,22.9,43.60,354,1332,398
26285,23.5,42.50,355,1332,398
26329,22.9,43.60,360,1332,398
26376,21.2,47.20,362,1332,398
26419,22.9,43.70,365,1332,398
26476,17.6,56.90,367,1332,398
26520,22.8,43.90,369,1332,398
26569,20.7,48.40,369,1332,398
26619,19.8,50.50,376,1332,398
26669,19.9,50.20,381,1332,398
26716,21.5,46.60,383,1332,398
26760,22.5,44.50,389,1332,398
26805,22.5,44.40,396,1332,398
26851,21.9,45.60,399,1332,398
26895,22.5,44.40,404,1332,398
27001,9.4,106.40,415,1332,398
27046,22.4,44.60,420,1332,398
27089,23.0,43.50,423,1332,398
27136,21.5,46.60,427,1332,398
27185,20.3,49.20,441,1332,398
27231,21.8,45.80,449,1332,398
27275,22.8,43.90,459,1332,398
27319,22.9,43.70,472,1332,398
27363,22.4,44.60,480,1332,398
27407,23.0,43.50,489,1332,398
27452,21.9,45.60,493,1332,398
27499,21.3,47.00,500,1332,398
27544,22.3,44.80,512,1332,398
27597,19.1,52.40,518,1332,398
27642,22.2,45.10,531,1332,398
27687,22.0,45.40,536,1332,398
27731,22.6,44.30,539,1332,398
27776,22.6,44.30,547,1332,398
27819,22.9,43.60,548,1332,398
27869,20.0,49.90,551,1332,398
27951,12.3,81.40,558,1332,398
28001,19.8,50.40,560,1332,398
28055,18.6,53.70,568,1332,398
28104,20.4,49.00,571,1332,398
28157,18.7,53.50,577,1332,398
28209,19.2,52.10,579,1332,398
28275,15.3,65.30,590,1332,398
28322,21.1,47.30,599,1332,398
28374,19.0,52.50,613,1332,398
28427,19.1,52.40,641,1332,398
28478,19.4,51.60,666,1332,398
28529,19.8,50.60,673,1332,398
28618,11.3,88.50,675,1332,398
28661,22.8,43.90,673,1332,398
28706,22.5,44.40,673,1332,398
28760,18.6,53.80,677,1332,398
28805,22.2,45.00,679,1332,398
28849,22.6,44.20,679,1332,398
28893,22.5,44.50,679,1332,398
28939,22.1,45.20,680,1332,398
28982,23.3,43.00,680,1332,398
29026,22.7,44.00,680,1333,398
29069,23.2,43.10,678,1333,398
29113,22.7,44.10,681,1334,398
29170,17.5,57.10,682,1334,398
29220,20.1,49.70,683,1334,398
29289,14.4,69.60,682,1334,398
29337,20.9,47.80,682,1334,398
29385,20.8,48.10,681,1334,398
29434,20.6,48.60,681,1334,398
29479,22.2,45.10,681,1334,398
29522,23.0,43.40,681,1334,398
29566,22.7,44.10,678,1334,398
29616,20.2,49.40,675,1334,398
29665,20.5,48.80,672,1334,398
29710,21.8,45.80,671,1334,398
29754,23.1,43.30,670,1334,398
29796,23.4,42.70,669,1334,398
29840,22.7,44.00,669,1334,398
29883,23.6,42.40,667,1334,398
29926,23.3,42.90,667,1334,398
29968,23.5,42.60,666,1334,398
30010,24.1,41.50,665,1334,398
30053,23.4,42.80,665,1334,398
30094,24.0,41.70,664,1334,398
30136,23.8,42.00,663,1334,398
30180,22.9,43.60,663,1334,398
30225,22.2,45.10,663,1334,398
30270,22.2,45.10,661,1334,398
30316,21.6,46.30,658,1334,398
30368,19.5,51.20,657,1334,398
30410,23.5,42.50,657,1334,398
30454,22.7,44.10,657,1334,398
30499,22.1,45.20,655,1334,398
30542,23.3,42.90,655,1334,398
30589,21.2,47.20,655,1334,398
30636,21.4,46.70,655,1334,398
30680,22.9,43.70,655,1334,398
30722,23.8,42.10,655,1334,398
30767,22.4,44.60,655,1334,398
30812,22.1,45.20,655,1334,398
30853,24.1,41.50,654,1334,398
30897,22.8,43.80,654,1334,398
30941,22.8,43.90,652,1334,398
30984,23.3,43.00,652,1334,398
31027,23.1,43.30,651,1334,398
31070,23.3,42.90,649,1334,398
31114,22.8,43.90,647,1334,398
31157,23.4,42.80,647,1334,398
31201,22.9,43.60,646,1334,398
31247,21.8,45.90,646,1334,398
31292,22.0,45.40,645,1334,398
31335,23.0,43.40,645,1334,398
31378,23.3,42.90,644,1334,398
31426,20.9,47.90,643,1334,398
31469,23.2,43.10,643,1334,398
31514,22.4,44.70,643,1334,398
31558,22.5,44.40,643,1334,398
31605,21.3,46.90,642,1334,398
31654,20.4,48.90,642,1334,398
31708,18.7,53.50,641,1334,398
31751,22.8,43.80,641,1334,398
31795,23.0,43.50,641,1334,398
31840,22.4,44.60,641,1334,398
31884,22.6,44.20,640,1334,398
31928,22.7,44.00,640,1334,398
31971,22.9,43.70,640,1334,398
32015,23.1,43.20,640,1334,398
32059,22.6,44.20,640,1334,398
32103,22.6,44.30,640,1334,398
32146,23.1,43.30,639,1334,398
32190,22.8,43.80,638,1334,398
32238,20.9,47.90,637,1334,398
32284,21.9,45.70,637,1334,398
32328,22.7,44.00,637,1334,398
32372,22.8,43.80,636,1334,398
32416,22.6,44.20,636,1334,398
32460,22.7,44.00,636,1334,398
32510,19.9,50.20,636,1334,398
32559,20.5,48.70,636,1334,398
32606,21.2,47.20,634,1334,398
32654,21.1,47.50,634,1334,398
32702,20.7,48.20,634,1334,398
32749,21.0,47.70,634,1334,398
32799,20.0,50.00,633,1334,398
32844,22.6,44.20,633,1334,398
32889,22.1,45.20,631,1334,398
32933,22.4,44.60,630,1334,398
32978,22.3,44.90,629,1334,398
33023,22.4,44.60,628,1334,398
33067,22.5,44.40,627,1334,398
33112,22.4,44.60,627,1334,398
33156,22.6,44.20,626,1334,398
33201,22.5,44.40,626,1334,398
33249,20.6,48.60,625,1334,398
33295,21.8,45.90,625,1334,398
33340,22.4,44.60,625,1334,398
33385,22.1,45.30,623,1334,398
33430,22.4,44.70,623,1334,398
33474,22.5,44.40,620,1334,398
33521,21.3,47.00,620,1334,398
33566,22.3,44.80,620,1334,398
33615,20.5,48.70,620,1334,398
33666,19.4,51.50,620,1334,398
33716,20.2,49.50,620,1334,398
33765,20.3,49.30,618,1334,398
33812,21.3,46.90,618,1334,398
33856,22.5,44.50,618,1334,398
33902,21.7,46.00,618,1334,398
33949,21.6,46.40,618,1334,398
33994,22.0,45.50,617,1334,398
34041,21.5,46.60,616,1334,398
34086,21.9,45.60,614,1334,398
34133,21.3,46.90,612,1334,398
34180,21.6,46.40,611,1334,398
34232,19.1,52.40,611,1334,398
34285,19.0,52.60,611,1334,398
34336,19.6,50.90,610,1334,398
34385,20.4,49.10,609,1334,398
34431,21.7,46.10,609,1334,398
34477,21.7,46.10,609,1334,398
34525,20.8,48.10,608,1334,398
34571,21.6,46.40,608,1334,398
34617,21.8,45.90,607,1334,398
34668,19.8,50.40,606,1334,398
34718,19.9,50.20,605,1334,398
34763,22.1,45.30,604,1334,398
34809,22.0,45.50,604,1334,398
34855,21.6,46.20,603,1334,398
34900,22.4,44.60,603,1334,398
34947,21.0,47.70,603,1334,398
34992,22.3,44.90,603,1334,398
35038,21.8,45.90,603,1334,398
35083,22.2,45.00,601,1334,398
35129,21.9,45.70,601,1334,398
35176,21.4,46.70,601,1334,398
35223,21.1,47.50,601,1334,398
35273,19.9,50.30,601,1334,398
35319,21.8,45.80,600,1334,398
35366,21.6,46.30,600,1334,398
35411,21.8,45.90,600,1334,398
35458,21.7,46.00,600,1334,398
35506,20.6,48.50,599,1334,398
35552,21.7,46.00,599,1334,398
35600,20.7,48.30,598,1334,398
35654,18.8,53.30,598,1334,398
35705,19.6,50.90,596,1334,398
35751,21.6,46.30,596,1334,398
35817,15.1,66.10,592,1334,398
35865,20.7,48.20,592,1334,398
35913,20.9,47.90,592,1334,398
35960,21.2,47.20,591,1334,398
36011,19.9,50.20,591,1334,398
36059,20.7,48.30,590,1334,398
36107,20.7,48.30,589,1334,398
36155,21.1,47.30,588,1334,398
36202,21.1,47.40,587,1334,398
36252,20.0,49.90,586,1334,398
36303,19.5,51.20,585,1334,398
36351,21.0,47.60,583,1334,398
36400,20.2,49.40,582,1334,398
36448,21.0,47.60,582,1334,398
36498,20.0,50.00,579,1334,398
36548,20.0,50.10,579,1334,398
36596,20.5,48.70,579,1334,398
36650,18.8,53.10,577,1334,398
36703,18.6,53.70,576,1334,398
36756,19.0,52.70,575,1334,398
36810,18.7,53.50,575,1334,398
36867,17.3,57.90,573,1334,398
36917,20.0,50.00,569,1334,398
36967,20.4,49.10,569,1334,398
37015,20.6,48.60,568,1334,398
37064,20.3,49.20,566,1334,398
37112,20.9,47.80,564,1334,398
37160,21.1,47.50,564,1334,398
37205,22.1,45.30,563,1334,398
37253,20.7,48.40,562,1334,398
37301,21.1,47.50,561,1334,398
37346,22.0,45.40,561,1334,398
37391,22.3,44.90,561,1334,398
37437,22.0,45.40,561,1334,398
37482,21.8,45.80,560,1334,398
37529,21.6,46.40,560,1334,398
37576,21.4,46.70,560,1334,398
37621,21.9,45.70,561,1334,398
37678,17.6,56.90,561,1334,398
37726,20.9,47.90,561,1334,398
37773,21.2,47.20,561,1334,398
37822,20.6,48.50,562,1334,398
37870,20.6,48.60,563,1334,398
37919,20.4,48.90,562,1334,398
37969,20.1,49.70,561,1334,398
38018,20.3,49.30,561,1334,398
38070,19.2,52.00,561,1334,398
38120,20.0,50.10,560,1334,398
38170,20.0,50.10,560,1334,398
38221,19.7,50.80,561,1334,398
38275,18.5,54.00,562,1334,398
38328,19.0,52.70,564,1334,398
38382,18.4,54.30,566,1334,398
38438,18.1,55.30,569,1334,398
38493,18.0,55.70,568,1334,398
38548,18.1,55.10,568,1334,398
38601,19.1,52.30,567,1334,398
38657,17.7,56.50,567,1334,398
38718,16.6,60.40,565,1334,398
38770,19.1,52.40,562,1334,398
38823,18.9,52.90,561,1334,398
38875,19.2,52.10,556,1334,398
38927,19.0,52.50,556,1334,398
38985,17.3,57.70,554,1334,398
39041,18.0,55.50,554,1334,398
39094,18.8,53.30,556,1334,398
39148,18.5,54.20,556,1334,398
39199,19.8,50.50,552,1334,398
39255,17.9,56.00,548,1334,398
39309,18.4,54.30,543,1334,398
39360,19.5,51.40,536,1334,398
39411,19.7,50.70,531,1334,398
39462,19.8,50.50,530,1334,398
39513,19.5,51.30,527,1334,398
39562,20.2,49.40,523,1334,398
39611,20.5,48.70,512,1334,398
39666,18.2,54.90,492,1334,398
39725,16.9,59.30,439,1334,398
39775,19.9,50.30,401,1334,398
39826,19.7,50.80,381,1334,398
39875,20.7,48.30,371,1334,398
39921,21.7,46.10,363,1334,398
39968,21.3,47.00,358,1334,398
40015,21.3,46.90,352,1334,398
40062,21.1,47.50,339,1334,398
40110,20.7,48.40,331,1334,398
40159,20.7,48.30,321,1334,398
40206,21.2,47.20,319,1334,398
40258,19.2,52.20,314,1334,398
40308,20.2,49.50,307,1334,398
40355,21.2,47.20,300,1334,398
40403,20.8,48.10,291,1334,398
40450,21.1,47.50,285,1334,398
40499,20.7,48.40,277,1334,398
40547,21.0,47.70,268,1334,398
40595,20.6,48.50,262,1334,398
40647,19.4,51.60,258,1334,398
40702,18.1,55.30,252,1334,398
40759,17.6,56.80,248,1334,398
40818,16.7,59.80,242,1334,398
40867,20.6,48.50,237,1334,398
40915,20.7,48.40,239,1334,398
40964,20.5,48.80,239,1334,398
40971,142.9,7.00,239,1334,398
41043,13.8,72.30,235,1334,398
41093,20.2,49.60,231,1334,398
41147,18.7,53.50,227,1334,398
41207,16.5,60.70,223,1334,398
41258,19.8,50.50,222,1334,398
41312,18.3,54.60,219,1334,398
41361,20.5,48.70,219,1334,398
41411,20.2,49.40,218,1334,398
41472,16.2,61.90,220,1334,398
41536,15.7,63.50,220,1334,398
41589,18.8,53.30,220,1334,398
41601,83.3,12.00,220,1334,398
41614,80.6,12.40,219,1334,398
41627,75.8,13.20,219,1334,398
41640,76.9,13.00,220,1334,398
41666,37.7,26.50,222,1334,398
41678,83.3,12.00,222,1334,398
41690,87.0,11.50,222,1334,398
41702,81.3,12.30,222,1334,398
41722,50.0,20.00,222,1334,398
41735,77.5,12.90,222,1334,398
41746,90.1,11.10,222,1334,398
41757,90.1,11.10,224,1334,398
41769,85.5,11.70,224,1334,398
41787,56.5,17.70,223,1334,398
41797,91.7,10.90,223,1334,398
41808,97.1,10.30,223,1334,398
41819,90.9,11.00,223,1334,398
41829,94.3,10.60,223,1334,398
41839,99.0,10.10,223,1334,398
41864,41.2,24.30,223,1334,398
41874,96.2,10.40,223,1334,398
41884,103.1,9.70,223,1334,398
41895,92.6,10.80,223,1334,398
41904,106.4,9.40,222,1334,398
41916,87.0,11.50,222,1334,398
41938,44.1,22.70,220,1334,398
41949,97.1,10.30,220,1334,398
41959,100.0,10.00,220,1334,398
41969,98.0,10.20,220,1334,398
41979,100.0,10.00,220,1334,398
41989,99.0,10.10,220,1334,398
42013,41.3,24.20,219,1334,398
42024,95.2,10.50,219,1334,398
42034,93.5,10.70,219,1334,398
42044,102.0,9.80,219,1334,398
42054,98.0,10.20,219,1334,398
42064,101.0,9.90,219,1334,398
42074,103.1,9.70,219,1334,398
42097,44.1,22.70,219,1334,398
42107,99.0,10.10,219,1334,398
42117,98.0,10.20,218,1334,398
42127,97.1,10.30,218,1334,398
42138,94.3,10.60,217,1334,398
42147,107.5,9.30,217,1334,398
42166,54.1,18.50,217,1334,398
42176,98.0,10.20,217,1334,398
42185,103.1,9.70,217,1334,398
42195,105.3,9.50,217,1334,398
42206,91.7,10.90,217,1334,398
42221,64.9,15.40,217,1334,398
42231,105.3,9.50,215,1334,398
42239,119.0,8.40,214,1334,398
42249,103.1,9.70,214,1334,398
42258,106.4,9.40,214,1334,398
42267,113.6,8.80,215,1334,398
42285,56.2,17.80,215,1334,398
42294,104.2,9.60,215,1334,398
42303,114.9,8.70,215,1334,398
42312,114.9,8.70,215,1334,398
42321,114.9,8.70,214,1334,398
42329,114.9,8.70,214,1334,398
42338,119.0,8.40,213,1334,398
42354,62.5,16.00,213,1334,398
42363,111.1,9.00,213,1334,398
42372,112.4,8.90,213,1334,398
42380,114.9,8.70,213,1334,398
42388,123.5,8.10,212,1334,398
42397,117.6,8.50,212,1334,398
42413,60.2,16.60,212,1334,398
42422,113.6,8.80,212,1334,398
42430,133.3,7.50,212,1334,398
42438,122.0,8.20,212,1334,398
42446,129.9,7.70,211,1334,398
42454,126.6,7.90,211,1334,398
42462,125.0,8.00,211,1334,398
42481,52.6,19.00,211,1334,398
42488,128.2,7.80,211,1334,398
42496,133.3,7.50,211,1334,398
42504,119.0,8.40,211,1334,398
42513,120.5,8.30,211,1334,398
42520,138.9,7.20,211,1334,398
42527,131.6,7.60,211,1334,398
42536,119.0,8.40,211,1334,398
42554,53.8,18.60,211,1334,398
42562,138.9,7.20,211,1334,398
42570,119.0,8.40,211,1334,398
42577,147.1,6.80,211,1334,398
42584,135.1,7.40,211,1334,398
42592,129.9,7.70,211,1334,398
42599,137.0,7.30,210,1334,398
42613,73.0,13.70,210,1334,398
42621,119.0,8.40,210,1334,398
42628,138.9,7.20,210,1334,398
42638,109.9,9.10,209,1334,398
42645,137.0,7.30,209,1334,398
42653,119.0,8.40,208,1334,398
42660,140.8,7.10,208,1334,398
42674,73.0,13.70,208,1334,398
42681,142.9,7.00,208,1334,398
42688,142.9,7.00,208,1334,398
42695,144.9,6.90,208,1334,398
42702,147.1,6.80,208,1334,398
42709,144.9,6.90,208,1334,398
42716,140.8,7.10,208,1334,398
42723,147.1,6.80,208,1334,398
42730,140.8,7.10,208,1334,398
42736,147.1,6.80,208,1334,398
42752,64.5,15.50,208,1334,398
42758,172.4,5.80,208,1334,398
42764,149.3,6.70,208,1334,398
42771,144.9,6.90,208,1334,398
42778,147.1,6.80,208,1334,398
42785,147.1,6.80,208,1334,398
42792,144.9,6.90,208,1334,398
42799,144.9,6.90,208,1334,398
42806,140.8,7.10,208,1334,398
42813,144.9,6.90,208,1334,398
42820,144.9,6.90,208,1334,398
42827,140.8,7.10,208,1334,398
42834,144.9,6.90,207,1334,398
42841,144.9,6.90,207,1334,398
42847,147.1,6.80,207,1334,398
42855,138.9,7.20,206,1334,398
42861,147.1,6.80,206,1334,398
42868,147.1,6.80,206,1334,398
42875,138.9,7.20,206,1334,398
42882,144.9,6.90,206,1334,398
42889,144.9,6.90,205,1334,398
42896,144.9,6.90,205,1334,398
42903,142.9,7.00,205,1334,398
42910,144.9,6.90,205,1334,398
42917,144.9,6.90,205,1334,398
42924,140.8,7.10,204,1334,398
42931,144.9,6.90,204,1334,398
42938,142.9,7.00,204,1334,398
42945,149.3,6.70,204,1334,398
42952,137.0,7.30,204,1334,398
42963,91.7,10.90,204,1334,398
42968,196.1,5.10,204,1334,398
42973,196.1,5.10,204,1334,398
42980,151.5,6.60,204,1334,398
42987,140.8,7.10,204,1334,398
42993,147.1,6.80,204,1334,398
43000,142.9,7.00,204,1334,398
43007,144.9,6.90,204,1334,398
43014,144.9,6.90,204,1334,398
43021,142.9,7.00,204,1334,398
43028,144.9,6.90,204,1334,398
43035,142.9,7.00,204,1334,398
43042,140.8,7.10,204,1334,398
43049,151.5,6.60,204,1334,398
43056,138.9,7.20,204,1334,398
43063,149.3,6.70,204,1334,398
43070,142.9,7.00,204,1334,398
43077,144.9,6.90,204,1334,398
43084,142.9,7.00,203,1334,398
43091,142.9,7.00,203,1334,398
43098,144.9,6.90,203,1334,398
43105,142.9,7.00,203,1334,398
43111,144.9,6.90,203,1334,398
43118,142.9,7.00,203,1334,398
43125,144.9,6.90,203,1334,398
43132,144.9,6.90,203,1334,398
43139,144.9,6.90,203,1334,398
43146,137.0,7.30,203,1334,398
43153,151.5,6.60,203,1334,398
43160,138.9,7.20,203,1334,398
43167,147.1,6.80,203,1334,398
43174,142.9,7.00,203,1334,398
43181,147.1,6.80,203,1334,398
43188,142.9,7.00,203,1334,398
43195,140.8,7.10,203,1334,398
43202,144.9,6.90,203,1334,398
43209,144.9,6.90,203,1334,398
43216,144.9,6.90,203,1334,398
43223,140.8,7.10,203,1334,398
43230,144.9,6.90,203,1334,398
43237,144.9,6.90,203,1334,398
43244,142.9,7.00,203,1334,398
43251,131.6,7.60,203,1334,398
43258,137.0,7.30,203,1334,398
43264,175.4,5.70,203,1334,398
43271,142.9,7.00,203,1334,398
43278,144.9,6.90,203,1334,398
43285,144.9,6.90,203,1334,398
43292,142.9,7.00,203,1334,398
43299,142.9,7.00,203,1334,398
43306,144.9,6.90,203,1334,398
43313,147.1,6.80,203,1334,398
43320,138.9,7.20,203,1334,398
43326,151.5,6.60,203,1334,398
43334,137.0,7.30,203,1334,398
43340,149.3,6.70,203,1334,398
43358,57.8,17.30,203,1334,398
43364,149.3,6.70,203,1334,398
43370,196.1,5.10,203,1334,398
43376,156.3,6.40,203,1334,398
43382,158.7,6.30,203,1334,398
43389,142.9,7.00,203,1334,398
43396,149.3,6.70,203,1334,398
43403,140.8,7.10,203,1334,398
43410,147.1,6.80,203,1334,398
43417,140.8,7.10,203,1334,398
43424,144.9,6.90,203,1334,398
43431,142.9,7.00,203,1334,398
43438,138.9,7.20,203,1334,398
43445,149.3,6.70,203,1334,398
43452,142.9,7.00,202,1334,398
43459,144.9,6.90,202,1334,398
43466,144.9,6.90,202,1334,398
43473,142.9,7.00,202,1334,398
43479,144.9,6.90,202,1334,398
43486,147.1,6.80,202,1334,398
43493,144.9,6.90,202,1334,398
43500,144.9,6.90,202,1334,398
43507,142.9,7.00,202,1334,398
43514,140.8,7.10,202,1334,398
43521,147.1,6.80,202,1334,398
43528,142.9,7.00,202,1334,398
43535,144.9,6.90,202,1334,398
43542,142.9,7.00,202,1334,398
43549,144.9,6.90,202,1334,398
43556,142.9,7.00,202,1334,398
43563,147.1,6.80,202,1334,398
43570,144.9,6.90,202,1334,398
43577,138.9,7.20,202,1334,398
43584,144.9,6.90,201,1334,398
43591,142.9,7.00,201,1334,398
43598,144.9,6.90,201,1334,398
43604,147.1,6.80,201,1334,398
43611,144.9,6.90,201,1334,398
43618,144.9,6.90,201,1334,398
43625,142.9,7.00,201,1334,398
43632,144.9,6.90,201,1334,398
43639,142.9,7.00,201,1334,398
43646,142.9,7.00,201,1334,398
43653,147.1,6.80,201,1334,398
43660,137.0,7.30,201,1334,398
43667,144.9,6.90,201,1334,398
43674,147.1,6.80,201,1334,398
43681,147.1,6.80,201,1334,398
43688,142.9,7.00,201,1334,398
43695,144.9,6.90,201,1334,398
43702,144.9,6.90,201,1334,398
43709,142.9,7.00,201,1334,398
43715,144.9,6.90,201,1334,398
43722,142.9,7.00,201,1334,398
43729,144.9,6.90,201,1334,398
43736,144.9,6.90,201,1334,398
43743,142.9,7.00,201,1334,398
43750,144.9,6.90,201,1334,398
43757,142.9,7.00,201,1334,398
43764,138.9,7.20,201,1334,398
43771,149.3,6.70,201,1334,398
43778,144.9,6.90,201,1334,398
43785,140.8,7.10,201,1334,398
43792,144.9,6.90,201,1334,398
43799,142.9,7.00,201,1334,398
43806,147.1,6.80,201,1334,398
43813,142.9,7.00,201,1334,398
43820,144.9,6.90,201,1334,398
43827,144.9,6.90,201,1334,398
43833,144.9,6.90,201,1334,398
43841,140.8,7.10,201,1334,398
43848,142.9,7.00,201,1334,398
43854,147.1,6.80,201,1334,398
43861,142.9,7.00,201,1334,398
43869,138.9,7.20,201,1334,398
43875,149.3,6.70,201,1334,398
43882,144.9,6.90,200,1334,398
43889,144.9,6.90,200,1334,398
43896,147.1,6.80,200,1334,398
43903,140.8,7.10,200,1334,398
43910,144.9,6.90,200,1334,398
43917,142.9,7.00,200,1334,398
43924,144.9,6.90,200,1334,398
43931,142.9,7.00,200,1334,398
43938,144.9,6.90,200,1334,398
43945,144.9,6.90,200,1334,398
43952,142.9,7.00,200,1334,398
43959,144.9,6.90,200,1334,398
43966,142.9,7.00,200,1334,398
43973,142.9,7.00,200,1334,398
43979,144.9,6.90,200,1334,398
43986,144.9,6.90,200,1334,398
43993,144.9,6.90,200,1334,398
44000,142.9,7.00,200,1334,398
44007,144.9,6.90,200,1334,398
44014,140.8,7.10,200,1334,398
44021,144.9,6.90,200,1334,398
44028,138.9,7.20,200,1334,398
44035,147.1,6.80,200,1334,398
44042,147.1,6.80,200,1334,398
44049,144.9,6.90,200,1334,398
44056,144.9,6.90,200,1334,398
44063,140.8,7.10,200,1334,398
44070,144.9,6.90,200,1334,398
44077,140.8,7.10,200,1334,398
44084,149.3,6.70,200,1334,398
44090,144.9,6.90,200,1334,398
44097,144.9,6.90,200,1334,398
44104,144.9,6.90,200,1334,398
44111,142.9,7.00,200,1334,398
44118,144.9,6.90,200,1334,398
44125,142.9,7.00,200,1334,398
44132,142.9,7.00,200,1334,398
44139,142.9,7.00,200,1334,398
44146,147.1,6.80,200,1334,398
44153,140.8,7.10,200,1334,398
44160,144.9,6.90,200,1334,398
44167,144.9,6.90,200,1334,398
44174,142.9,7.00,200,1334,398
44181,133.3,7.50,200,1334,398
44188,158.7,6.30,200,1334,398
44195,142.9,7.00,200,1334,398
44202,144.9,6.90,200,1334,398
44209,142.9,7.00,200,1334,398
44216,142.9,7.00,200,1334,398
44222,147.1,6.80,200,1334,398
44229,140.8,7.10,200,1334,398
44236,144.9,6.90,200,1334,398
44243,144.9,6.90,200,1334,398
44251,133.3,7.50,200,1334,398
44257,151.5,6.60,200,1334,398
44264,144.9,6.90,200,1334,398
44271,149.3,6.70,200,1334,398
44278,142.9,7.00,200,1334,398
44285,142.9,7.00,200,1334,398
44292,142.9,7.00,200,1334,398
44299,144.9,6.90,200,1334,398
44306,144.9,6.90,200,1334,398
44313,142.9,7.00,199,1334,398
44320,144.9,6.90,199,1334,398
44327,144.9,6.90,199,1334,398
44334,142.9,7.00,199,1334,398
44340,144.9,6.90,199,1334,398
44347,142.9,7.00,199,1334,398
44354,144.9,6.90,199,1334,398
44361,142.9,7.00,199,1334,398
44368,144.9,6.90,199,1334,398
44375,144.9,6.90,199,1334,398
44382,140.8,7.10,199,1334,398
44389,140.8,7.10,199,1334,398
44396,151.5,6.60,199,1334,398
44403,140.8,7.10,199,1334,398
44410,142.9,7.00,198,1334,398
44417,147.1,6.80,198,1334,398
44424,147.1,6.80,198,1334,398
44431,140.8,7.10,198,1334,398
44438,147.1,6.80,198,1334,398
44445,142.9,7.00,198,1334,398
44452,142.9,7.00,198,1334,398
44458,144.9,6.90,198,1334,398
44466,140.8,7.10,198,1334,398
44472,147.1,6.80,198,1334,398
44479,142.9,7.00,198,1334,398
44486,140.8,7.10,198,1334,398
44493,142.9,7.00,198,1334,398
44500,151.5,6.60,198,1334,398
44507,140.8,7.10,198,1334,398
44514,140.8,7.10,198,1334,398
44521,144.9,6.90,198,1334,398
44528,147.1,6.80,198,1334,398
44535,144.9,6.90,198,1334,398
44542,142.9,7.00,198,1334,398
44549,142.9,7.00,198,1334,398
44556,144.9,6.90,198,1334,398
44563,144.9,6.90,198,1334,398
44570,142.9,7.00,198,1334,398
44577,144.9,6.90,198,1334,398
44584,142.9,7.00,198,1334,398
44590,144.9,6.90,198,1334,398
44598,140.8,7.10,198,1334,398
44604,149.3,6.70,198,1334,398
44611,142.9,7.00,197,1334,398
44618,142.9,7.00,197,1334,398
44625,142.9,7.00,197,1334,398
44632,144.9,6.90,197,1334,398
44639,144.9,6.90,197,1334,398
44646,142.9,7.00,197,1334,398
44653,144.9,6.90,197,1334,398
44660,147.1,6.80,197,1334,398
44667,140.8,7.10,197,1334,398
44674,142.9,7.00,197,1334,398
44681,149.3,6.70,197,1334,398
44688,142.9,7.00,197,1334,398
44695,142.9,7.00,197,1334,398
44702,140.8,7.10,197,1334,398
44708,149.3,6.70,197,1334,398
44716,140.8,7.10,197,1334,398
44722,144.9,6.90,197,1334,398
44729,147.1,6.80,197,1334,398
44736,142.9,7.00,197,1334,398
44743,142.9,7.00,197,1334,398
44750,147.1,6.80,197,1334,398
44757,142.9,7.00,197,1334,398
44764,147.1,6.80,197,1334,398
44771,140.8,7.10,197,1334,398
44778,140.8,7.10,197,1334,398
44785,149.3,6.70,197,1334,398
44792,144.9,6.90,197,1334,398
44799,140.8,7.10,197,1334,398
44806,140.8,7.10,196,1334,398
44813,149.3,6.70,196,1334,398
44820,144.9,6.90,196,1334,398
44827,140.8,7.10,196,1334,398
44834,144.9,6.90,196,1334,398
44840,144.9,6.90,196,1334,398
44847,142.9,7.00,196,1334,398
44854,149.3,6.70,196,1334,398
44861,138.9,7.20,196,1334,398
44868,142.9,7.00,196,1334,398
44875,144.9,6.90,196,1334,398
44882,144.9,6.90,196,1334,398
44889,142.9,7.00,196,1334,398
44896,144.9,6.90,196,1334,398
44903,142.9,7.00,196,1334,398
44910,140.8,7.10,196,1334,398
44917,151.5,6.60,196,1334,398
44924,142.9,7.00,196,1334,398
44931,142.9,7.00,196,1334,398
44938,142.9,7.00,196,1334,398
44945,147.1,6.80,195,1334,398
44952,138.9,7.20,195,1334,398
44959,144.9,6.90,195,1334,398
44966,144.9,6.90,195,1334,398
44972,147.1,6.80,194,1334,398
44979,142.9,7.00,194,1334,398
44986,144.9,6.90,194,1334,398
44993,144.9,6.90,194,1334,398
45000,140.8,7.10,194,1334,398
45007,149.3,6.70,194,1334,398
45015,131.6,7.60,194,1334,398
45021,153.8,6.50,194,1334,398
45028,144.9,6.90,194,1334,398
45035,142.9,7.00,194,1334,398
45042,144.9,6.90,194,1334,398
45049,142.9,7.00,194,1334,398
45056,144.9,6.90,194,1334,398
45063,144.9,6.90,194,1334,398
45070,142.9,7.00,194,1334,398
45077,140.8,7.10,194,1334,398
45084,147.1,6.80,194,1334,398
45090,144.9,6.90,194,1334,398
45098,138.9,7.20,194,1334,398
45105,144.9,6.90,194,1334,398
45111,147.1,6.80,194,1334,398
45118,140.8,7.10,194,1334,398
45125,149.3,6.70,194,1334,398
45132,142.9,7.00,194,1334,398
45139,142.9,7.00,194,1334,398
45146,144.9,6.90,194,1334,398
45153,144.9,6.90,194,1334,398
45160,144.9,6.90,194,1334,398
45167,142.9,7.00,194,1334,398
45174,142.9,7.00,194,1334,398
45181,138.9,7.20,194,1334,398
45188,149.3,6.70,194,1334,398
45195,142.9,7.00,194,1334,398
45201,149.3,6.70,194,1334,398
45209,140.8,7.10,194,1334,398
45215,144.9,6.90,194,1334,398
45223,138.9,7.20,194,1334,398
45229,147.1,6.80,194,1334,398
45236,144.9,6.90,194,1334,398
45243,144.9,6.90,194,1334,398
45250,144.9,6.90,194,1334,398
45257,138.9,7.20,194,1334,398
45264,147.1,6.80,194,1334,398
45271,142.9,7.00,193,1334,398
45278,144.9,6.90,193,1334,398
45285,144.9,6.90,193,1334,398
45292,144.9,6.90,193,1334,398
45299,144.9,6.90,193,1334,398
45306,140.8,7.10,193,1334,398
45313,144.9,6.90,193,1334,398
45320,147.1,6.80,193,1334,398
45327,138.9,7.20,193,1334,398
45333,149.3,6.70,193,1334,398
45340,142.9,7.00,193,1334,398
45347,142.9,7.00,193,1334,398
45354,142.9,7.00,193,1334,398
45361,144.9,6.90,193,1334,398
45368,142.9,7.00,193,1334,398
45375,147.1,6.80,193,1334,398
45382,142.9,7.00,193,1334,398
45389,140.8,7.10,193,1334,398
45396,149.3,6.70,193,1334,398
45403,142.9,7.00,193,1334,398
45410,144.9,6.90,193,1334,398
45417,142.9,7.00,193,1334,398
45424,140.8,7.10,193,1334,398
45431,144.9,6.90,193,1334,398
45438,144.9,6.90,193,1334,398
45445,142.9,7.00,193,1334,398
45451,149.3,6.70,193,1334,398
45459,140.8,7.10,193,1334,398
45466,140.8,7.10,193,1334,398
45473,142.9,7.00,192,1334,398
45479,149.3,6.70,192,1334,398
45486,142.9,7.00,192,1334,398
45493,149.3,6.70,192,1334,398
45500,142.9,7.00,192,1334,398
45507,138.9,7.20,192,1334,398
45514,142.9,7.00,192,1334,398
45521,149.3,6.70,192,1334,398
45528,142.9,7.00,192,1334,398
45535,138.9,7.20,192,1334,398
45542,149.3,6.70,191,1334,398
45549,142.9,7.00,191,1334,398
45556,144.9,6.90,191,1334,398
45563,144.9,6.90,191,1334,398
45570,147.1,6.80,191,1334,398
45577,140.8,7.10,191,1334,398
45583,147.1,6.80,191,1334,398
45590,142.9,7.00,190,1334,398
45598,140.8,7.10,190,1334,398
45604,147.1,6.80,190,1334,398
45611,142.9,7.00,190,1334,398
45618,142.9,7.00,190,1334,398
45625,144.9,6.90,190,1334,398
45632,144.9,6.90,190,1334,398
45639,140.8,7.10,190,1334,398
45646,147.1,6.80,190,1334,398
45653,144.9,6.90,190,1334,398
45660,142.9,7.00,190,1334,398
45667,144.9,6.90,190,1334,398
45674,147.1,6.80,190,1334,398
45681,131.6,7.60,190,1334,398
45688,156.2,6.40,190,1334,398
45695,142.9,7.00,190,1334,398
45702,144.9,6.90,190,1334,398
45708,144.9,6.90,190,1334,398
45715,144.9,6.90,190,1334,398
45722,142.9,7.00,190,1334,398
45729,144.9,6.90,190,1334,398
45736,142.9,7.00,190,1334,398
45743,142.9,7.00,190,1334,398
45750,147.1,6.80,190,1334,398
45757,140.8,7.10,189,1334,398
45764,142.9,7.00,189,1334,398
45771,144.9,6.90,189,1334,398
45778,144.9,6.90,189,1334,398
45785,144.9,6.90,189,1334,398
45792,144.9,6.90,189,1334,398
45799,142.9,7.00,189,1334,398
45806,142.9,7.00,189,1334,398
45813,144.9,6.90,189,1334,398
45820,140.8,7.10,189,1334,398
45827,142.9,7.00,189,1334,398
45834,147.1,6.80,189,1334,398
45840,144.9,6.90,189,1334,398
45848,140.8,7.10,189,1334,398
45854,144.9,6.90,189,1334,398
45861,144.9,6.90,189,1334,398
45868,140.8,7.10,189,1334,398
45875,149.3,6.70,188,1334,398
45882,140.8,7.10,188,1334,398
45889,147.1,6.80,188,1334,398
45896,142.9,7.00,188,1334,398
45903,144.9,6.90,188,1334,398
45910,142.9,7.00,188,1334,398
45917,144.9,6.90,188,1334,398
45924,144.9,6.90,188,1334,398
45931,142.9,7.00,188,1334,398
45938,142.9,7.00,188,1334,398
45945,144.9,6.90,187,1334,398
45952,140.8,7.10,187,1334,398
45959,144.9,6.90,187,1334,398
45965,147.1,6.80,187,1334,398
45972,142.9,7.00,187,1334,398
45980,138.9,7.20,187,1334,398
45986,151.5,6.60,187,1334,398
45993,142.9,7.00,187,1334,398
46000,142.9,7.00,187,1334,398
46007,147.1,6.80,187,1334,398
46014,142.9,7.00,187,1334,398
46021,147.1,6.80,187,1334,398
46028,140.8,7.10,187,1334,398
46035,144.9,6.90,187,1334,398
46042,140.8,7.10,187,1334,398
46049,144.9,6.90,187,1334,398
46056,140.8,7.10,187,1334,398
46063,147.1,6.80,187,1334,398
46070,144.9,6.90,187,1334,398
46077,144.9,6.90,187,1334,398
46084,142.9,7.00,187,1334,398
46090,144.9,6.90,187,1334,398
46097,144.9,6.90,187,1334,398
46104,142.9,7.00,187,1334,398
46111,147.1,6.80,187,1334,398
46118,142.9,7.00,187,1334,398
46125,144.9,6.90,187,1334,398
46132,142.9,7.00,187,1334,398
46139,142.9,7.00,187,1334,398
46146,142.9,7.00,187,1334,398
46153,142.9,7.00,187,1334,398
46160,140.8,7.10,187,1334,398
46167,149.3,6.70,187,1334,398
46174,144.9,6.90,187,1334,398
46181,138.9,7.20,187,1334,398
46188,149.3,6.70,187,1334,398
46195,142.9,7.00,187,1334,398
46202,144.9,6.90,187,1334,398
46209,142.9,7.00,187,1334,398
46215,144.9,6.90,187,1334,398
46222,142.9,7.00,187,1334,398
46229,144.9,6.90,187,1334,398
46236,142.9,7.00,187,1334,398
46243,147.1,6.80,187,1334,398
46250,138.9,7.20,187,1334,398
46258,138.9,7.20,187,1334,398
46265,140.8,7.10,187,1334,398
46271,156.2,6.40,187,1334,398
46278,144.9,6.90,187,1334,398
46285,144.9,6.90,186,1334,398
46292,140.8,7.10,186,1334,398
46299,147.1,6.80,186,1334,398
46306,140.8,7.10,186,1334,398
46313,144.9,6.90,186,1334,398
46320,142.9,7.00,186,1334,398
46327,142.9,7.00,186,1334,398
46334,147.1,6.80,186,1334,398
46341,142.9,7.00,186,1334,398
46347,144.9,6.90,186,1334,398
46354,147.1,6.80,186,1334,398
46361,140.8,7.10,186,1334,398
46368,140.8,7.10,186,1334,398
46375,149.3,6.70,186,1334,398
46382,142.9,7.00,186,1334,398
46389,144.9,6.90,186,1334,398
46396,144.9,6.90,186,1334,398
46403,144.9,6.90,186,1334,398
46410,144.9,6.90,186,1334,398
46417,144.9,6.90,186,1334,398
46424,140.8,7.10,186,1334,398
46431,142.9,7.00,186,1334,398
46438,147.1,6.80,186,1334,398
46445,142.9,7.00,186,1334,398
46451,147.1,6.80,186,1334,398
46458,140.8,7.10,186,1334,398
46465,142.9,7.00,186,1334,398
46473,133.3,7.50,186,1334,398
46479,158.7,6.30,186,1334,398
46487,135.1,7.40,186,1334,398
46493,151.5,6.60,186,1334,398
46500,144.9,6.90,186,1334,398
46507,142.9,7.00,186,1334,398
46514,147.1,6.80,186,1334,398
46521,142.9,7.00,186,1334,398
46528,140.8,7.10,186,1334,398
46535,149.3,6.70,186,1334,398
46542,142.9,7.00,186,1334,398
46549,144.9,6.90,185,1334,398
46556,140.8,7.10,185,1334,398
46563,142.9,7.00,185,1334,398
46570,144.9,6.90,185,1334,398
46577,142.9,7.00,185,1334,398
46583,147.1,6.80,185,1334,398
46590,142.9,7.00,185,1334,398
46597,142.9,7.00,185,1334,398
46604,144.9,6.90,184,1334,398
46611,142.9,7.00,184,1334,398
46618,147.1,6.80,184,1334,398
46625,144.9,6.90,184,1334,398
46632,140.8,7.10,184,1334,398
46639,142.9,7.00,184,1334,398
46646,147.1,6.80,183,1334,398
46653,144.9,6.90,183,1334,398
46660,144.9,6.90,183,1334,398
46667,142.9,7.00,183,1334,398
46674,144.9,6.90,183,1334,398
46681,138.9,7.20,183,1334,398
46688,147.1,6.80,183,1334,398
46695,144.9,6.90,183,1334,398
46702,138.9,7.20,183,1334,398
46709,147.1,6.80,182,1334,398
46715,147.1,6.80,182,1334,398
46722,144.9,6.90,182,1334,398
46729,140.8,7.10,182,1334,398
46736,144.9,6.90,182,1334,398
46743,142.9,7.00,182,1334,398
46750,147.1,6.80,182,1334,398
46757,142.9,7.00,182,1334,398
46764,140.8,7.10,182,1334,398
46771,147.1,6.80,182,1334,398
46778,142.9,7.00,182,1334,398
46785,138.9,7.20,182,1334,398
46792,153.8,6.50,182,1334,398
46799,140.8,7.10,182,1334,398
46806,140.8,7.10,182,1334,398
46813,147.1,6.80,182,1334,398
46820,142.9,7.00,182,1334,398
46827,144.9,6.90,182,1334,398
46833,144.9,6.90,182,1334,398
46840,142.9,7.00,182,1334,398
46847,144.9,6.90,182,1334,398
46854,144.9,6.90,182,1334,398
46861,140.8,7.10,182,1334,398
46868,144.9,6.90,182,1334,398
46875,147.1,6.80,182,1334,398
46882,142.9,7.00,182,1334,398
46890,133.3,7.50,182,1334,398
46896,156.3,6.40,182,1334,398
46903,138.9,7.20,182,1334,398
46910,149.3,6.70,182,1334,398
46917,144.9,6.90,182,1334,398
46924,142.9,7.00,182,1334,398
46931,142.9,7.00,182,1334,398
46938,147.1,6.80,182,1334,398
46945,140.8,7.10,182,1334,398
46952,142.9,7.00,182,1334,398
46959,147.1,6.80,182,1334,398
46966,142.9,7.00,182,1334,398
46972,144.9,6.90,182,1334,398
46979,142.9,7.00,182,1334,398
46986,147.1,6.80,182,1334,398
46993,138.9,7.20,182,1334,398
47000,149.3,6.70,182,1334,398
47007,142.9,7.00,182,1334,398
47014,142.9,7.00,182,1334,398
47021,144.9,6.90,182,1334,398
47028,147.1,6.80,182,1334,398
47035,140.8,7.10,182,1334,398
47042,144.9,6.90,182,1334,398
47049,142.9,7.00,182,1334,398
47056,142.9,7.00,182,1334,398
47063,147.1,6.80,182,1334,398
47070,142.9,7.00,182,1334,398
47077,140.8,7.10,182,1334,398
47083,149.3,6.70,182,1334,398
47090,142.9,7.00,182,1334,398
47098,140.8,7.10,182,1334,398
47104,147.1,6.80,182,1334,398
47111,147.1,6.80,182,1334,398
47118,140.8,7.10,182,1334,398
47125,144.9,6.90,182,1334,398
47132,142.9,7.00,182,1334,398
47139,142.9,7.00,182,1334,398
47146,147.1,6.80,182,1334,398
47153,142.9,7.00,182,1334,398
47160,142.9,7.00,182,1334,398
47167,142.9,7.00,181,1334,398
47174,147.1,6.80,181,1334,398
47181,140.8,7.10,181,1334,398
47188,147.1,6.80,181,1334,398
47195,144.9,6.90,181,1334,398
47202,140.8,7.10,181,1334,398
47208,147.1,6.80,181,1334,398
47215,142.9,7.00,181,1334,398
47222,147.1,6.80,181,1334,398
47229,142.9,7.00,181,1334,398
47236,144.9,6.90,181,1334,398
47243,142.9,7.00,181,1334,398
47250,144.9,6.90,181,1334,398
47258,131.6,7.60,181,1334,398
47264,153.8,6.50,181,1334,398
47271,144.9,6.90,181,1334,398
47278,147.1,6.80,181,1334,398
47285,144.9,6.90,181,1334,398
47292,140.8,7.10,181,1334,398
47299,147.1,6.80,181,1334,398
47306,140.8,7.10,181,1334,398
47313,144.9,6.90,181,1334,398
47320,142.9,7.00,181,1334,398
47327,144.9,6.90,181,1334,398
47334,142.9,7.00,181,1334,398
47340,144.9,6.90,181,1334,398
47347,144.9,6.90,181,1334,398
47354,140.8,7.10,181,1334,398
47361,147.1,6.80,181,1334,398
47368,144.9,6.90,181,1334,398
47375,144.9,6.90,181,1334,398
47382,142.9,7.00,181,1334,398
47389,142.9,7.00,181,1334,398
47396,144.9,6.90,181,1334,398
47403,142.9,7.00,181,1334,398
47410,138.9,7.20,181,1334,398
47417,151.5,6.60,181,1334,398
47424,142.9,7.00,181,1334,398
47431,140.8,7.10,181,1334,398
47438,147.1,6.80,181,1334,398
47445,142.9,7.00,181,1334,398
47452,142.9,7.00,181,1334,398
47458,147.1,6.80,181,1334,398
47465,142.9,7.00,181,1334,398
47472,142.9,7.00,181,1334,398
47479,147.1,6.80,181,1334,398
47486,140.8,7.10,181,1334,398
47493,144.9,6.90,181,1334,398
47500,144.9,6.90,181,1334,398
47507,144.9,6.90,180,1334,398
47514,142.9,7.00,180,1334,398
47521,144.9,6.90,180,1334,398
47528,142.9,7.00,180,1334,398
47535,144.9,6.90,180,1334,398
47542,147.1,6.80,180,1334,398
47549,138.9,7.20,180,1334,398
47556,147.1,6.80,180,1334,398
47563,144.9,6.90,180,1334,398
47570,140.8,7.10,180,1334,398
47577,142.9,7.00,180,1334,398
47584,144.9,6.90,180,1334,398
47590,144.9,6.90,180,1334,398
47597,142.9,7.00,180,1334,398
47604,147.1,6.80,180,1334,398
47611,142.9,7.00,180,1334,398
47619,135.1,7.40,180,1334,398
47625,147.1,6.80,180,1334,398
47632,156.2,6.40,180,1334,398
47639,138.9,7.20,180,1334,398
47646,144.9,6.90,180,1334,398
47653,147.1,6.80,180,1334,398
47660,140.8,7.10,180,1334,398
47667,144.9,6.90,180,1334,398
47674,142.9,7.00,180,1334,398
47681,142.9,7.00,180,1334,398
47688,147.1,6.80,180,1334,398
47695,138.9,7.20,180,1334,398
47701,149.3,6.70,180,1334,398
47708,142.9,7.00,180,1334,398
47715,142.9,7.00,180,1334,398
47722,142.9,7.00,180,1334,398
47729,147.1,6.80,180,1334,398
47736,142.9,7.00,180,1334,398
47743,144.9,6.90,180,1334,398
47750,142.9,7.00,180,1334,398
47757,142.9,7.00,180,1334,398
47764,147.1,6.80,180,1334,398
47771,144.9,6.90,180,1334,398
47778,137.0,7.30,180,1334,398
47785,151.5,6.60,180,1334,398
47792,144.9,6.90,180,1334,398
47799,142.9,7.00,179,1334,398
47806,144.9,6.90,179,1334,398
47813,138.9,7.20,179,1334,398
47819,149.3,6.70,179,1334,398
47827,140.8,7.10,179,1334,398
47834,140.8,7.10,179,1334,398
47840,149.3,6.70,179,1334,398
47847,142.9,7.00,179,1334,398
47854,142.9,7.00,179,1334,398
47861,144.9,6.90,179,1334,398
47868,144.9,6.90,178,1334,398
47875,142.9,7.00,178,1334,398
47882,142.9,7.00,178,1334,398
47889,144.9,6.90,178,1334,398
47896,144.9,6.90,178,1334,398
47903,142.9,7.00,178,1334,398
47910,144.9,6.90,178,1334,398
47917,142.9,7.00,178,1334,398
47924,144.9,6.90,178,1334,398
47931,140.8,7.10,178,1334,398
47938,147.1,6.80,178,1334,398
47945,144.9,6.90,178,1334,398
47952,142.9,7.00,178,1334,398
47958,144.9,6.90,177,1334,398
47965,144.9,6.90,177,1334,398
47972,140.8,7.10,177,1334,398
47979,147.1,6.80,177,1334,398
47986,142.9,7.00,177,1334,398
47993,144.9,6.90,177,1334,398
48000,142.9,7.00,177,1334,398
48007,144.9,6.90,177,1334,398
48014,144.9,6.90,177,1334,398
48021,144.9,6.90,177,1334,398
48028,142.9,7.00,177,1334,398
48035,140.8,7.10,177,1334,398
48042,149.3,6.70,177,1334,398
48049,142.9,7.00,177,1334,398
48056,142.9,7.00,177,1334,398
48063,142.9,7.00,177,1334,398
48070,147.1,6.80,177,1334,398
48077,142.9,7.00,177,1334,398
48084,142.9,7.00,177,1334,398
48090,147.1,6.80,177,1334,398
48097,140.8,7.10,177,1334,398
48104,149.3,6.70,177,1334,398
48111,142.9,7.00,177,1334,398
48118,144.9,6.90,177,1334,398
48125,142.9,7.00,177,1334,398
48132,144.9,6.90,177,1334,398
48139,140.8,7.10,177,1334,398
48146,147.1,6.80,177,1334,398
48153,142.9,7.00,177,1334,398
48160,142.9,7.00,177,1334,398
48167,142.9,7.00,177,1334,398
48174,144.9,6.90,177,1334,398
48181,142.9,7.00,177,1334,398
48188,147.1,6.80,177,1334,398
48195,144.9,6.90,177,1334,398
48202,142.9,7.00,176,1334,398
48208,144.9,6.90,176,1334,398
48215,142.9,7.00,176,1334,398
48222,144.9,6.90,176,1334,398
48229,144.9,6.90,176,1334,398
48236,144.9,6.90,176,1334,398
48243,142.9,7.00,176,1334,398
48250,140.8,7.10,176,1334,398
48257,138.9,7.20,176,1334,398
48264,147.1,6.80,176,1334,398
48271,147.1,6.80,176,1334,398
48278,147.1,6.80,176,1334,398
48285,142.9,7.00,176,1334,398
48292,142.9,7.00,176,1334,398
48299,138.9,7.20,176,1334,398
48306,149.3,6.70,176,1334,398
48313,142.9,7.00,176,1334,398
48320,147.1,6.80,176,1334,398
48327,142.9,7.00,176,1334,398
48334,142.9,7.00,176,1334,398
48340,147.1,6.80,176,1334,398
48348,137.0,7.30,176,1334,398
48355,144.9,6.90,176,1334,398
48361,144.9,6.90,176,1334,398
48381,51.8,19.30,176,1334,398
48388,147.1,6.80,176,1334,398
48395,140.8,7.10,176,1334,398
48402,144.9,6.90,176,1334,398
48409,142.9,7.00,176,1334,398
48415,147.1,6.80,176,1334,398
48422,142.9,7.00,176,1334,398
48429,144.9,6.90,176,1334,398
48436,140.8,7.10,176,1334,398
48443,147.1,6.80,176,1334,398
48450,142.9,7.00,176,1334,398
48457,147.1,6.80,176,1334,398
48464,142.9,7.00,176,1334,398
48471,144.9,6.90,176,1334,398
48478,142.9,7.00,176,1334,398
48485,144.9,6.90,176,1334,398
48492,142.9,7.00,176,1334,398
48499,142.9,7.00,176,1334,398
48506,144.9,6.90,176,1334,398
48512,147.1,6.80,176,1334,398
48520,140.8,7.10,175,1334,398
48526,144.9,6.90,175,1334,398
48533,142.9,7.00,175,1334,398
48540,147.1,6.80,175,1334,398
48547,142.9,7.00,175,1334,398
48554,142.9,7.00,174,1334,398
48561,142.9,7.00,174,1334,398
48568,144.9,6.90,174,1334,398
48575,144.9,6.90,174,1334,398
48582,142.9,7.00,174,1334,398
48589,144.9,6.90,174,1334,398
48596,142.9,7.00,173,1334,398
48603,144.9,6.90,173,1334,398
48610,144.9,6.90,173,1334,398
48617,142.9,7.00,173,1334,398
48624,144.9,6.90,173,1334,398
48631,142.9,7.00,173,1334,398
48638,142.9,7.00,173,1334,398
48644,147.1,6.80,173,1334,398
48651,142.9,7.00,173,1334,398
48658,142.9,7.00,173,1334,398
48665,144.9,6.90,173,1334,398
48672,144.9,6.90,173,1334,398
48679,140.8,7.10,173,1334,398
48686,144.9,6.90,173,1334,398
48693,144.9,6.90,173,1334,398
48700,142.9,7.00,173,1334,398
48707,144.9,6.90,173,1334,398
48714,144.9,6.90,173,1334,398
48721,142.9,7.00,173,1334,398
48728,144.9,6.90,173,1334,398
48735,142.9,7.00,173,1334,398
48742,144.9,6.90,173,1334,398
48749,144.9,6.90,173,1334,398
48756,142.9,7.00,173,1334,398
48763,144.9,6.90,173,1334,398
48770,142.9,7.00,173,1334,398
48776,147.1,6.80,173,1334,398
48783,142.9,7.00,173,1334,398
48790,142.9,7.00,173,1334,398
48797,144.9,6.90,173,1334,398
48804,144.9,6.90,173,1334,398
48811,142.9,7.00,173,1334,398
48818,144.9,6.90,173,1334,398
48825,142.9,7.00,173,1334,398
48832,144.9,6.90,173,1334,398
48839,142.9,7.00,173,1334,398
48846,144.9,6.90,173,1334,398
48853,140.8,7.10,173,1334,398
48860,144.9,6.90,173,1334,398
48867,147.1,6.80,173,1334,398
48874,140.8,7.10,173,1334,398
48881,144.9,6.90,173,1334,398
48888,144.9,6.90,173,1334,398
48895,142.9,7.00,173,1334,398
48901,147.1,6.80,173,1334,398
48908,142.9,7.00,173,1334,398
48915,144.9,6.90,173,1334,398
48922,142.9,7.00,173,1334,398
48929,142.9,7.00,173,1334,398
48936,144.9,6.90,173,1334,398
48943,144.9,6.90,173,1334,398
48950,142.9,7.00,173,1334,398
48957,142.9,7.00,172,1334,398
48964,144.9,6.90,171,1334,398
48971,142.9,7.00,171,1334,398
48978,142.9,7.00,171,1334,398
48985,144.9,6.90,171,1334,398
48992,144.9,6.90,171,1334,398
48999,142.9,7.00,171,1334,398
49006,142.9,7.00,171,1334,398
49013,144.9,6.90,171,1334,398
49020,144.9,6.90,171,1334,398
49026,144.9,6.90,171,1334,398
49033,142.9,7.00,171,1334,398
49040,144.9,6.90,171,1334,398
49047,142.9,7.00,170,1334,398
49054,144.9,6.90,170,1334,398
49061,144.9,6.90,170,1334,398
49068,142.9,7.00,170,1334,398
49075,142.9,7.00,170,1334,398
49082,144.9,6.90,170,1334,398
49089,142.9,7.00,170,1334,398
49096,144.9,6.90,170,1334,398
49103,144.9,6.90,170,1334,398
49110,144.9,6.90,170,1334,398
49117,140.8,7.10,170,1334,398
49124,147.1,6.80,170,1334,398
49131,140.8,7.10,170,1334,398
49138,144.9,6.90,170,1334,398
49145,142.9,7.00,170,1334,398
49152,144.9,6.90,170,1334,398
49158,144.9,6.90,170,1334,398
49165,144.9,6.90,170,1334,398
49172,142.9,7.00,170,1334,398
49179,142.9,7.00,170,1334,398
49186,142.9,7.00,170,1334,398
49193,147.1,6.80,170,1334,398
49200,144.9,6.90,170,1334,398
49207,144.9,6.90,170,1334,398
49214,144.9,6.90,169,1334,398
49221,142.9,7.00,169,1334,398
49228,142.9,7.00,169,1334,398
49235,147.1,6.80,169,1334,398
49242,142.9,7.00,169,1334,398
49249,142.9,7.00,169,1334,398
49256,144.9,6.90,169,1334,398
49263,144.9,6.90,169,1334,398
49269,144.9,6.90,169,1334,398
49276,144.9,6.90,169,1334,398
49283,142.9,7.00,169,1334,398
49290,142.9,7.00,169,1334,398
49297,144.9,6.90,169,1334,398
49304,142.9,7.00,169,1334,398
49311,144.9,6.90,169,1334,398
49318,144.9,6.90,169,1334,398
49325,142.9,7.00,169,1334,398
49332,144.9,6.90,169,1334,398
49339,142.9,7.00,169,1334,398
49346,144.9,6.90,169,1334,398
49353,142.9,7.00,169,1334,398
49360,142.9,7.00,169,1334,398
49367,144.9,6.90,169,1334,398
49374,142.9,7.00,169,1334,398
49381,144.9,6.90,169,1334,398
49388,142.9,7.00,169,1334,398
49395,142.9,7.00,169,1334,398
49402,144.9,6.90,168,1334,398
49408,144.9,6.90,167,1334,398
49415,144.9,6.90,167,1334,398
49422,144.9,6.90,167,1334,398
49429,142.9,7.00,167,1334,398
49436,142.9,7.00,167,1334,398
49443,144.9,6.90,167,1334,398
49450,142.9,7.00,167,1334,398
49457,144.9,6.90,167,1334,398
49464,142.9,7.00,167,1334,398
49471,144.9,6.90,167,1334,398
49478,144.9,6.90,167,1334,398
49485,142.9,7.00,167,1334,398
49492,142.9,7.00,167,1334,398
49499,142.9,7.00,167,1334,398
49506,147.1,6.80,167,1334,398
49513,144.9,6.90,167,1334,398
49520,142.9,7.00,167,1334,398
49526,144.9,6.90,167,1334,398
49533,144.9,6.90,167,1334,398
49540,144.9,6.90,167,1334,398
49547,142.9,7.00,167,1334,398
49554,142.9,7.00,167,1334,398
49561,142.9,7.00,167,1334,398
49568,144.9,6.90,167,1334,398
49575,144.9,6.90,167,1334,398
49582,142.9,7.00,167,1334,398
49589,142.9,7.00,167,1334,398
49596,144.9,6.90,166,1334,398
49603,144.9,6.90,166,1334,398
49610,142.9,7.00,166,1334,398
49617,144.9,6.90,166,1334,398
49624,144.9,6.90,166,1334,398
49631,144.9,6.90,166,1334,398
49638,142.9,7.00,166,1334,398
49645,142.9,7.00,166,1334,398
49652,142.9,7.00,166,1334,398
49658,147.1,6.80,166,1334,398
49665,142.9,7.00,166,1334,398
49672,144.9,6.90,166,1334,398
49679,142.9,7.00,166,1334,398
49686,144.9,6.90,165,1334,398
49693,144.9,6.90,164,1334,398
49700,142.9,7.00,164,1334,398
49707,142.9,7.00,164,1334,398
49714,147.1,6.80,164,1334,398
49721,142.9,7.00,164,1334,398
49728,144.9,6.90,164,1334,398
49735,144.9,6.90,164,1334,398
49742,140.8,7.10,164,1334,398
49749,144.9,6.90,164,1334,398
49756,144.9,6.90,164,1334,398
49763,140.8,7.10,164,1334,398
49769,147.1,6.80,164,1334,398
49776,144.9,6.90,164,1334,398
49783,142.9,7.00,164,1334,398
49790,144.9,6.90,164,1334,398
49797,144.9,6.90,164,1334,398
49804,142.9,7.00,164,1334,398
49811,142.9,7.00,162,1334,398
49818,144.9,6.90,162,1334,398
49825,142.9,7.00,162,1334,398
49832,144.9,6.90,162,1334,398
49839,144.9,6.90,162,1334,398
49846,142.9,7.00,162,1334,398
49853,142.9,7.00,162,1334,398
49860,147.1,6.80,162,1334,398
49867,142.9,7.00,162,1334,398
49874,142.9,7.00,161,1334,398
49881,140.8,7.10,161,1334,398
49888,147.1,6.80,161,1334,398
49894,147.1,6.80,161,1334,398
49901,140.8,7.10,161,1334,398
49908,142.9,7.00,161,1334,398
49915,144.9,6.90,161,1334,398
49922,144.9,6.90,161,1334,398
49929,142.9,7.00,161,1334,398
49936,142.9,7.00,161,1334,398
49943,144.9,6.90,161,1334,398
49950,144.9,6.90,161,1334,398
49957,142.9,7.00,161,1334,398
49964,147.1,6.80,161,1334,398
49971,144.9,6.90,161,1334,398
49978,144.9,6.90,161,1334,398
49985,142.9,7.00,161,1334,398
49992,144.9,6.90,161,1334,398
49999,142.9,7.00,161,1334,398
50006,144.9,6.90,161,1334,398
50013,142.9,7.00,161,1334,398
50019,144.9,6.90,161,1334,398
50026,144.9,6.90,161,1334,398
50033,142.9,7.00,161,1334,398
50040,142.9,7.00,161,1334,398
50047,142.9,7.00,162,1334,398
50054,142.9,7.00,162,1334,398
50061,144.9,6.90,162,1334,398
50068,147.1,6.80,162,1334,398
50075,144.9,6.90,162,1334,398
50082,142.9,7.00,162,1334,398
50089,142.9,7.00,162,1334,398
50096,142.9,7.00,162,1334,398
50103,144.9,6.90,162,1334,398
50110,142.9,7.00,162,1334,398
50117,147.1,6.80,162,1334,398
50124,140.8,7.10,162,1334,398
50131,144.9,6.90,162,1334,398
50138,142.9,7.00,162,1334,398
50145,144.9,6.90,162,1334,398
50152,142.9,7.00,162,1334,398
50158,147.1,6.80,162,1334,398
50165,142.9,7.00,162,1334,398
50172,144.9,6.90,162,1334,398
50179,140.8,7.10,162,1334,398
50186,149.3,6.70,162,1334,398
50193,142.9,7.00,161,1334,398
50200,144.9,6.90,161,1334,398
50207,142.9,7.00,161,1334,398
50214,144.9,6.90,161,1334,398
50221,144.9,6.90,161,1334,398
50228,142.9,7.00,161,1334,398
50235,142.9,7.00,161,1334,398
50242,138.9,7.20,161,1334,398
50249,144.9,6.90,161,1334,398
50256,144.9,6.90,161,1334,398
50263,147.1,6.80,161,1334,398
50269,144.9,6.90,161,1334,398
50276,144.9,6.90,161,1334,398
50283,142.9,7.00,161,1334,398
50290,144.9,6.90,161,1334,398
50297,144.9,6.90,161,1334,398
50304,142.9,7.00,161,1334,398
50311,147.1,6.80,161,1334,398
50318,142.9,7.00,160,1334,398
50325,144.9,6.90,160,1334,398
50332,140.8,7.10,160,1334,398
50339,142.9,7.00,160,1334,398
50346,147.1,6.80,160,1334,398
50353,142.9,7.00,160,1334,398
50360,144.9,6.90,160,1334,398
50367,144.9,6.90,160,1334,398
50374,142.9,7.00,160,1334,398
50381,140.8,7.10,160,1334,398
50388,147.1,6.80,160,1334,398
50394,144.9,6.90,160,1334,398
50401,142.9,7.00,160,1334,398
50408,147.1,6.80,160,1334,398
50415,140.8,7.10,160,1334,398
50422,144.9,6.90,160,1334,398
50429,142.9,7.00,160,1334,398
50436,142.9,7.00,160,1334,398
50443,144.9,6.90,160,1334,398
50450,142.9,7.00,160,1334,398
50457,144.9,6.90,159,1334,398
50464,142.9,7.00,159,1334,398
50471,144.9,6.90,159,1334,398
50478,144.9,6.90,159,1334,398
50485,144.9,6.90,159,1334,398
50492,144.9,6.90,159,1334,398
50499,142.9,7.00,159,1334,398
50506,142.9,7.00,159,1334,398
50512,147.1,6.80,159,1334,398
50519,142.9,7.00,159,1334,398
50526,144.9,6.90,159,1334,398
50533,140.8,7.10,159,1334,398
50540,144.9,6.90,159,1334,398
50547,147.1,6.80,159,1334,398
50554,142.9,7.00,159,1334,398
50561,142.9,7.00,159,1334,398
50568,142.9,7.00,159,1334,398
50575,144.9,6.90,159,1334,398
50582,142.9,7.00,159,1334,398
50589,144.9,6.90,159,1334,398
50596,144.9,6.90,159,1334,398
50603,142.9,7.00,159,1334,398
50610,142.9,7.00,159,1334,398
50617,147.1,6.80,159,1334,398
50624,140.8,7.10,159,1334,398
50631,144.9,6.90,159,1334,398
50638,142.9,7.00,159,1334,398
50645,137.0,7.30,159,1334,398
50652,151.5,6.60,159,1334,398
50658,144.9,6.90,159,1334,398
50665,144.9,6.90,159,1334,398
50672,142.9,7.00,159,1334,398
50679,142.9,7.00,159,1334,398
50686,144.9,6.90,159,1334,398
50693,147.1,6.80,159,1334,398
50700,142.9,7.00,159,1334,398
50707,142.9,7.00,159,1334,398
50714,144.9,6.90,159,1334,398
50721,147.1,6.80,159,1334,398
50728,140.8,7.10,159,1334,398
50735,144.9,6.90,159,1334,398
50742,147.1,6.80,159,1334,398
50749,142.9,7.00,159,1334,398
50756,144.9,6.90,159,1334,398
50762,144.9,6.90,159,1334,398
50769,144.9,6.90,159,1334,398
50776,140.8,7.10,159,1334,398
50783,144.9,6.90,159,1334,398
50790,142.9,7.00,159,1334,398
50797,142.9,7.00,159,1334,398
50804,147.1,6.80,159,1334,398
50811,144.9,6.90,159,1334,398
50818,140.8,7.10,159,1334,398
50825,147.1,6.80,159,1334,398
50832,142.9,7.00,158,1334,398
50839,142.9,7.00,158,1334,398
50846,147.1,6.80,158,1334,398
50853,140.8,7.10,158,1334,398
50860,147.1,6.80,158,1334,398
50867,142.9,7.00,158,1334,398
50874,144.9,6.90,158,1334,398
50880,144.9,6.90,158,1334,398
50888,140.8,7.10,158,1334,398
50894,144.9,6.90,158,1334,398
50901,142.9,7.00,158,1334,398
50908,144.9,6.90,158,1334,398
50915,144.9,6.90,158,1334,398
50922,140.8,7.10,158,1334,398
50929,147.1,6.80,158,1334,398
50936,142.9,7.00,158,1334,398
50943,142.9,7.00,158,1334,398
50950,144.9,6.90,158,1334,398
50957,144.9,6.90,158,1334,398
50964,144.9,6.90,158,1334,398
50971,142.9,7.00,158,1334,398
50978,144.9,6.90,158,1334,398
50985,142.9,7.00,158,1334,398
50992,144.9,6.90,158,1334,398
50999,142.9,7.00,158,1334,398
51006,142.9,7.00,158,1334,398
51012,147.1,6.80,158,1334,398
51019,142.9,7.00,158,1334,398
51026,144.9,6.90,158,1334,398
51033,140.8,7.10,158,1334,398
51040,144.9,6.90,158,1334,398
51047,144.9,6.90,157,1334,398
51054,144.9,6.90,157,1334,398
51061,144.9,6.90,157,1334,398
51068,144.9,6.90,157,1334,398
51075,142.9,7.00,157,1334,398
51082,142.9,7.00,157,1334,398
51089,144.9,6.90,157,1334,398
51096,140.8,7.10,157,1334,398
51103,144.9,6.90,157,1334,398
51110,142.9,7.00,157,1334,398
51117,142.9,7.00,157,1334,398
51124,144.9,6.90,157,1334,398
51131,142.9,7.00,157,1334,398
51138,147.1,6.80,157,1334,398
51145,142.9,7.00,157,1334,398
51151,144.9,6.90,157,1334,398
51158,142.9,7.00,157,1334,398
51165,144.9,6.90,157,1334,398
51172,144.9,6.90,157,1334,398
51179,140.8,7.10,158,1334,398
51186,147.1,6.80,158,1334,398
51193,142.9,7.00,158,1334,398
51200,144.9,6.90,158,1334,398
51207,142.9,7.00,158,1334,398
51214,142.9,7.00,158,1334,398
51221,147.1,6.80,158,1334,398
51228,142.9,7.00,158,1334,398
51235,144.9,6.90,158,1334,398
51242,142.9,7.00,158,1334,398
51249,144.9,6.90,157,1334,398
51256,144.9,6.90,157,1334,398
51263,142.9,7.00,157,1334,398
51269,147.1,6.80,157,1334,398
51276,140.8,7.10,157,1334,398
51283,144.9,6.90,157,1334,398
51290,142.9,7.00,157,1334,398
51297,144.9,6.90,157,1334,398
51304,144.9,6.90,157,1334,398
51311,144.9,6.90,157,1334,398
51318,142.9,7.00,157,1334,398
51325,142.9,7.00,157,1334,398
51332,144.9,6.90,156,1334,398
51339,144.9,6.90,156,1334,398
51346,144.9,6.90,156,1334,398
51353,144.9,6.90,156,1334,398
51360,140.8,7.10,156,1334,398
51367,144.9,6.90,156,1334,398
51374,142.9,7.00,156,1334,398
51381,142.9,7.00,156,1334,398
51387,147.1,6.80,156,1334,398
51395,140.8,7.10,156,1334,398
51401,144.9,6.90,156,1334,398
51408,144.9,6.90,156,1334,398
51415,142.9,7.00,156,1334,398
51422,144.9,6.90,156,1334,398
51429,144.9,6.90,156,1334,398
51436,144.9,6.90,156,1334,398
51443,142.9,7.00,156,1334,398
51450,142.9,7.00,156,1334,398
51457,147.1,6.80,156,1334,398
51464,140.8,7.10,156,1334,398
51471,144.9,6.90,156,1334,398
51478,144.9,6.90,156,1334,398
51485,142.9,7.00,156,1334,398
51492,144.9,6.90,156,1334,398
51499,142.9,7.00,156,1334,398
51506,144.9,6.90,156,1334,398
51512,144.9,6.90,156,1334,398
51520,140.8,7.10,156,1334,398
51526,144.9,6.90,156,1334,398
51533,144.9,6.90,156,1334,398
51540,142.9,7.00,156,1334,398
51547,144.9,6.90,156,1334,398
51554,144.9,6.90,156,1334,398
51561,142.9,7.00,156,1334,398
51568,142.9,7.00,156,1334,398
51575,144.9,6.90,155,1334,398
51582,142.9,7.00,155,1334,398
51589,144.9,6.90,155,1334,398
51596,144.9,6.90,155,1334,398
51603,142.9,7.00,155,1334,398
51610,142.9,7.00,155,1334,398
51617,144.9,6.90,155,1334,398
51624,144.9,6.90,155,1334,398
51631,144.9,6.90,155,1334,398
51637,144.9,6.90,155,1334,398
51644,144.9,6.90,154,1334,398
51651,142.9,7.00,154,1334,398
51658,142.9,7.00,154,1334,398
51665,144.9,6.90,154,1334,398
51672,144.9,6.90,154,1334,398
51679,140.8,7.10,153,1334,398
51686,147.1,6.80,153,1334,398
51693,140.8,7.10,153,1334,398
51700,144.9,6.90,153,1334,398
51707,144.9,6.90,153,1334,398
51714,144.9,6.90,153,1334,398
51721,144.9,6.90,153,1334,398
51728,142.9,7.00,153,1334,398
51735,142.9,7.00,153,1334,398
51742,144.9,6.90,152,1334,398
51749,142.9,7.00,152,1334,398
51756,144.9,6.90,152,1334,398
51762,147.1,6.80,152,1334,398
51769,140.8,7.10,151,1334,398
51776,144.9,6.90,151,1334,398
51783,142.9,7.00,151,1334,398
51790,142.9,7.00,151,1334,398
51797,144.9,6.90,151,1334,398
51804,144.9,6.90,151,1334,398
51811,142.9,7.00,151,1334,398
51818,142.9,7.00,151,1334,398
51825,144.9,6.90,151,1334,398
51832,144.9,6.90,151,1334,398
51839,140.8,7.10,151,1334,398
51846,147.1,6.80,151,1334,398
51853,144.9,6.90,151,1334,398
51860,142.9,7.00,151,1334,398
51867,142.9,7.00,151,1334,398
51874,144.9,6.90,151,1334,398
51881,142.9,7.00,151,1334,398
51888,144.9,6.90,151,1334,398
51894,144.9,6.90,151,1334,398
51901,144.9,6.90,151,1334,398
51908,142.9,7.00,151,1334,398
51915,142.9,7.00,151,1334,398
51922,142.9,7.00,151,1334,398
51929,147.1,6.80,151,1334,398
51936,144.9,6.90,151,1334,398
51943,140.8,7.10,151,1334,398
51950,147.1,6.80,151,1334,398
51957,144.9,6.90,150,1334,398
51964,142.9,7.00,150,1334,398
51971,142.9,7.00,150,1334,398
51978,142.9,7.00,150,1334,398
51985,147.1,6.80,150,1334,398
51992,144.9,6.90,150,1334,398
51999,142.9,7.00,150,1334,398
52006,144.9,6.90,150,1334,398
52012,144.9,6.90,150,1334,398
52019,142.9,7.00,149,1334,398
52026,144.9,6.90,149,1334,398
52033,144.9,6.90,149,1334,398
52040,140.8,7.10,149,1334,398
52047,147.1,6.80,149,1334,398
52054,142.9,7.00,149,1334,398
52061,144.9,6.90,149,1334,398
52068,142.9,7.00,149,1334,398
52075,144.9,6.90,149,1334,398
52082,142.9,7.00,148,1334,398
52089,144.9,6.90,148,1334,398
52096,140.8,7.10,148,1334,398
52103,144.9,6.90,148,1334,398
52110,144.9,6.90,148,1334,398
52116,149.3,6.70,148,1334,398
52124,138.9,7.20,148,1334,398
52131,144.9,6.90,148,1334,398
52138,142.9,7.00,148,1334,398
52144,147.1,6.80,148,1334,398
52151,142.9,7.00,148,1334,398
52158,142.9,7.00,148,1334,398
52165,142.9,7.00,148,1334,398
52172,144.9,6.90,148,1334,398
52179,144.9,6.90,148,1334,398
52186,142.9,7.00,148,1334,398
52193,144.9,6.90,148,1334,398
52200,142.9,7.00,148,1334,398
52207,144.9,6.90,148,1334,398
52214,142.9,7.00,148,1334,398
52221,142.9,7.00,148,1334,398
52228,144.9,6.90,148,1334,398
52235,144.9,6.90,148,1334,398
52242,142.9,7.00,148,1334,398
52249,144.9,6.90,148,1334,398
52256,142.9,7.00,148,1334,398
52263,144.9,6.90,148,1334,398
52270,142.9,7.00,148,1334,398
52276,147.1,6.80,148,1334,398
52283,142.9,7.00,148,1334,398
52290,142.9,7.00,148,1334,398
52297,142.9,7.00,148,1334,398
52304,144.9,6.90,148,1334,398
52311,144.9,6.90,148,1334,398
52318,142.9,7.00,148,1334,398
52325,144.9,6.90,148,1334,398
52332,147.1,6.80,148,1334,398
52339,140.8,7.10,148,1334,398
52346,144.9,6.90,148,1334,398
52353,142.9,7.00,148,1334,398
52360,144.9,6.90,148,1334,398
52367,144.9,6.90,148,1334,398
52374,144.9,6.90,148,1334,398
52381,142.9,7.00,148,1334,398
52388,140.8,7.10,148,1334,398
52394,147.1,6.80,148,1334,398
52401,142.9,7.00,148,1334,398
52408,144.9,6.90,148,1334,398
52415,144.9,6.90,148,1334,398
52422,142.9,7.00,148,1334,398
52429,147.1,6.80,148,1334,398
52436,142.9,7.00,148,1334,398
52443,142.9,7.00,148,1334,398
52450,142.9,7.00,148,1334,398
52457,144.9,6.90,148,1334,398
52464,142.9,7.00,148,1334,398
52471,144.9,6.90,148,1334,398
52478,144.9,6.90,148,1334,398
52485,142.9,7.00,148,1334,398
52492,144.9,6.90,148,1334,398
52499,142.9,7.00,148,1334,398
52506,144.9,6.90,148,1334,398
52512,147.1,6.80,148,1334,398
52519,140.8,7.10,148,1334,398
52526,142.9,7.00,148,1334,398
52533,144.9,6.90,148,1334,398
52540,142.9,7.00,148,1334,398
52547,144.9,6.90,148,1334,398
52554,142.9,7.00,148,1334,398
52561,144.9,6.90,148,1334,398
52568,144.9,6.90,148,1334,398
52575,142.9,7.00,148,1334,398
52582,144.9,6.90,148,1334,398
52589,142.9,7.00,148,1334,398
52596,144.9,6.90,148,1334,398
52603,142.9,7.00,148,1334,398
52610,144.9,6.90,148,1334,398
52617,144.9,6.90,148,1334,398
52624,142.9,7.00,148,1334,398
52631,144.9,6.90,148,1334,398
52637,144.9,6.90,148,1334,398
52645,140.8,7.10,148,1334,398
52651,144.9,6.90,148,1334,398
52658,142.9,7.00,148,1334,398
52665,147.1,6.80,148,1334,398
52672,142.9,7.00,148,1334,398
52679,144.9,6.90,148,1334,398
52686,144.9,6.90,148,1334,398
52693,140.8,7.10,148,1334,398
52700,144.9,6.90,147,1334,398
52707,142.9,7.00,147,1334,398
52714,147.1,6.80,147,1334,398
52721,142.9,7.00,147,1334,398
52728,142.9,7.00,147,1334,398
52735,144.9,6.90,147,1334,398
52742,142.9,7.00,147,1334,398
52749,147.1,6.80,145,1334,398
52756,142.9,7.00,145,1334,398
52762,144.9,6.90,145,1334,398
52770,140.8,7.10,145,1334,398
52776,147.1,6.80,145,1334,398
52783,144.9,6.90,145,1334,398
52790,142.9,7.00,145,1334,398
52797,142.9,7.00,145,1334,398
52804,144.9,6.90,145,1334,398
52811,142.9,7.00,144,1334,398
52818,144.9,6.90,144,1334,398
52825,144.9,6.90,143,1334,398
52832,142.9,7.00,142,1334,398
52839,142.9,7.00,142,1334,398
52846,144.9,6.90,142,1334,398
52853,144.9,6.90,142,1334,398
52860,144.9,6.90,142,1334,398
52867,142.9,7.00,142,1334,398
52874,144.9,6.90,142,1334,398
52880,144.9,6.90,142,1334,398
52888,140.8,7.10,142,1334,398
52894,147.1,6.80,142,1334,398
52901,142.9,7.00,142,1334,398
52908,142.9,7.00,142,1334,398
52915,144.9,6.90,142,1334,398
52922,142.9,7.00,142,1334,398
52929,142.9,7.00,141,1334,398
52936,144.9,6.90,141,1334,398
52943,147.1,6.80,141,1334,398
52950,142.9,7.00,141,1334,398
52957,142.9,7.00,141,1334,398
52964,142.9,7.00,141,1334,398
52971,144.9,6.90,140,1334,398
52978,144.9,6.90,140,1334,398
52985,147.1,6.80,139,1334,398
52992,140.8,7.10,138,1334,398
52999,144.9,6.90,138,1334,398
53005,144.9,6.90,139,1334,398
53012,142.9,7.00,139,1334,398
53019,142.9,7.00,140,1334,398
53026,144.9,6.90,139,1334,398
53033,144.9,6.90,139,1334,398
53040,142.9,7.00,139,1334,398
53047,142.9,7.00,139,1334,398
53054,144.9,6.90,139,1334,398
53061,142.9,7.00,139,1334,398
53068,144.9,6.90,139,1334,398
53075,142.9,7.00,139,1334,398
53082,144.9,6.90,139,1334,398
53089,142.9,7.00,138,1334,398
53096,144.9,6.90,138,1334,398
53103,144.9,6.90,138,1334,398
53110,140.8,7.10,137,1334,398
53117,144.9,6.90,137,1334,398
53124,147.1,6.80,137,1334,398
53131,140.8,7.10,137,1334,398
53137,147.1,6.80,137,1334,398
53144,144.9,6.90,135,1334,398
53151,142.9,7.00,135,1334,398
53158,144.9,6.90,135,1334,398
53165,140.8,7.10,135,1334,398
53172,144.9,6.90,135,1334,398
53179,144.9,6.90,135,1334,398
53186,142.9,7.00,135,1334,398
53193,142.9,7.00,135,1334,398
53200,142.9,7.00,135,1334,398
53207,144.9,6.90,134,1334,398
53214,147.1,6.80,134,1334,398
53221,142.9,7.00,134,1334,398
53228,144.9,6.90,134,1334,398
53235,142.9,7.00,134,1334,398
53242,144.9,6.90,134,1334,398
53249,142.9,7.00,134,1334,398
53256,144.9,6.90,134,1334,398
53263,142.9,7.00,133,1334,398
53269,144.9,6.90,133,1334,398
53276,147.1,6.80,133,1334,398
53283,142.9,7.00,133,1334,398
53290,142.9,7.00,133,1334,398
53297,142.9,7.00,133,1334,398
53304,147.1,6.80,132,1334,398
53311,142.9,7.00,132,1334,398
53318,142.9,7.00,131,1334,398
53325,144.9,6.90,131,1334,398
53332,142.9,7.00,131,1334,398
53339,144.9,6.90,131,1334,398
53346,144.9,6.90,131,1334,398
53353,142.9,7.00,131,1334,398
53360,142.9,7.00,131,1334,398
53367,147.1,6.80,131,1334,398
53374,142.9,7.00,131,1334,398
53381,142.9,7.00,131,1334,398
53397,59.5,16.80,131,1334,398
53403,181.8,5.50,131,1334,398
53410,147.1,6.80,131,1334,398
53417,142.9,7.00,131,1334,398
53424,142.9,7.00,131,1334,398
53431,144.9,6.90,131,1334,398
53438,142.9,7.00,132,1334,398
53444,144.9,6.90,132,1334,398
53451,144.9,6.90,132,1334,398
53458,142.9,7.00,132,1334,398
53465,144.9,6.90,132,1334,398
53472,147.1,6.80,132,1334,398
53479,137.0,7.30,132,1334,398
53486,147.1,6.80,132,1334,398
53493,144.9,6.90,132,1334,398
53500,142.9,7.00,132,1334,398
53507,144.9,6.90,132,1334,398
53514,144.9,6.90,132,1334,398
53521,142.9,7.00,132,1334,398
53528,144.9,6.90,132,1334,398
53535,142.9,7.00,132,1334,398
53542,142.9,7.00,131,1334,398
53549,142.9,7.00,131,1334,398
53556,147.1,6.80,130,1334,398
53563,142.9,7.00,130,1334,398
53570,142.9,7.00,130,1334,398
53576,147.1,6.80,129,1334,398
53584,137.0,7.30,128,1334,398
53590,151.5,6.60,128,1334,398
53597,142.9,7.00,128,1334,398
53604,142.9,7.00,128,1334,398
53611,147.1,6.80,128,1334,398
53618,140.8,7.10,128,1334,398
53625,142.9,7.00,127,1334,398
53632,144.9,6.90,125,1334,398
53639,144.9,6.90,125,1334,398
53646,147.1,6.80,125,1334,398
53653,144.9,6.90,125,1334,398
53660,140.8,7.10,125,1334,398
53667,142.9,7.00,125,1334,398
53674,144.9,6.90,125,1334,398
53681,144.9,6.90,125,1334,398
53688,137.0,7.30,125,1334,398
53694,153.8,6.50,125,1334,398
53701,140.8,7.10,125,1334,398
53708,144.9,6.90,125,1334,398
53716,138.9,7.20,125,1334,398
53722,149.3,6.70,125,1334,398
53729,147.1,6.80,125,1334,398
53736,140.8,7.10,125,1334,398
53743,147.1,6.80,126,1334,398
53750,144.9,6.90,126,1334,398
53757,140.8,7.10,125,1334,398
53764,144.9,6.90,125,1334,398
53771,144.9,6.90,125,1334,398
53778,142.9,7.00,125,1334,398
53785,144.9,6.90,125,1334,398
53792,137.0,7.30,124,1334,398
53799,151.5,6.60,124,1334,398
53805,147.1,6.80,124,1334,398
53812,140.8,7.10,123,1334,398
53819,147.1,6.80,123,1334,398
53826,140.8,7.10,124,1334,398
53833,144.9,6.90,124,1334,398
53840,142.9,7.00,124,1334,398
53847,144.9,6.90,124,1334,398
53854,142.9,7.00,124,1334,398
53861,144.9,6.90,123,1334,398
53868,144.9,6.90,123,1334,398
53875,142.9,7.00,123,1334,398
53882,144.9,6.90,123,1334,398
53889,140.8,7.10,123,1334,398
53896,142.9,7.00,123,1334,398
53903,151.5,6.60,123,1334,398
53910,140.8,7.10,123,1334,398
53917,140.8,7.10,123,1334,398
53924,147.1,6.80,123,1334,398
53931,140.8,7.10,123,1334,398
53938,147.1,6.80,123,1334,398
53944,144.9,6.90,123,1334,398
53951,142.9,7.00,123,1334,398
53958,144.9,6.90,123,1334,398
53965,140.8,7.10,123,1334,398
53972,147.1,6.80,123,1334,398
53979,144.9,6.90,123,1334,398
53986,140.8,7.10,123,1334,398
53993,147.1,6.80,123,1334,398
54000,138.9,7.20,123,1334,398
54007,147.1,6.80,123,1334,398
54014,147.1,6.80,123,1334,398
54021,142.9,7.00,123,1334,398
54028,144.9,6.90,123,1334,398
54035,142.9,7.00,123,1334,398
54042,144.9,6.90,123,1334,398
54049,140.8,7.10,123,1334,398
54056,144.9,6.90,123,1334,398
54063,142.9,7.00,123,1334,398
54069,149.3,6.70,123,1334,398
54077,138.9,7.20,123,1334,398
54083,144.9,6.90,123,1334,398
54091,129.9,7.70,123,1334,398
54102,93.5,10.70,123,1334,398
54106,238.1,4.20,123,1334,398
54114,133.3,7.50,123,1334,398
54118,212.8,4.70,123,1334,398
54125,140.8,7.10,123,1334,398
54132,147.1,6.80,123,1334,398
54139,147.1,6.80,123,1334,398
54146,142.9,7.00,123,1334,398
54153,144.9,6.90,123,1334,398
54160,142.9,7.00,122,1334,398
54167,142.9,7.00,122,1334,398
54189,45.7,21.90,122,1334,398
54195,166.7,6.00,122,1334,398
54202,147.1,6.80,122,1334,398
54209,137.0,7.30,122,1334,398
54215,151.5,6.60,122,1334,398
54223,138.9,7.20,122,1334,398
54229,149.3,6.70,122,1334,398
54236,140.8,7.10,122,1334,398
54243,147.1,6.80,122,1334,398
54250,142.9,7.00,121,1334,398
54257,144.9,6.90,121,1334,398
54264,140.8,7.10,121,1334,398
54271,138.9,7.20,121,1334,398
54278,153.8,6.50,121,1334,398
54286,131.6,7.60,121,1334,398
54292,158.7,6.30,120,1334,398
54299,144.9,6.90,120,1334,398
54306,147.1,6.80,120,1334,398
54313,133.3,7.50,120,1334,398
54319,156.3,6.40,120,1334,398
54327,140.8,7.10,120,1334,398
54333,147.1,6.80,120,1334,398
54340,140.8,7.10,120,1334,398
54347,147.1,6.80,120,1334,398
54354,147.1,6.80,120,1334,398
54361,138.9,7.20,120,1334,398
54368,147.1,6.80,120,1334,398
54375,142.9,7.00,120,1334,398
54382,144.9,6.90,120,1334,398
54389,140.8,7.10,120,1334,398
54396,147.1,6.80,120,1334,398
54403,140.8,7.10,120,1334,398
54410,147.1,6.80,119,1334,398
54417,137.0,7.30,119,1334,398
54424,151.5,6.60,119,1334,398
54431,142.9,7.00,119,1334,398
54438,140.8,7.10,119,1334,398
54445,147.1,6.80,119,1334,398
54451,144.9,6.90,119,1334,398
54458,142.9,7.00,119,1334,398
54465,144.9,6.90,119,1334,398
54472,142.9,7.00,120,1334,398
54479,142.9,7.00,120,1334,398
54486,144.9,6.90,120,1334,398
54493,142.9,7.00,119,1334,398
54500,147.1,6.80,119,1334,398
54507,140.8,7.10,119,1334,398
54514,144.9,6.90,119,1334,398
54521,137.0,7.30,119,1334,398
54528,156.3,6.40,119,1334,398
54535,138.9,7.20,119,1334,398
54542,147.1,6.80,119,1334,398
54549,144.9,6.90,119,1334,398
54556,144.9,6.90,119,1334,398
54563,138.9,7.20,119,1334,398
54569,151.5,6.60,119,1334,398
54577,138.9,7.20,119,1334,398
54583,151.5,6.60,119,1334,398
54590,137.0,7.30,119,1334,398
54597,149.3,6.70,119,1334,398
54604,140.8,7.10,119,1334,398
54611,144.9,6.90,119,1334,398
54618,140.8,7.10,119,1334,398
54625,140.8,7.10,119,1334,398
54632,153.8,6.50,119,1334,398
54639,137.0,7.30,118,1334,398
54646,147.1,6.80,118,1334,398
54653,149.3,6.70,118,1334,398
54660,137.0,7.30,118,1334,398
54667,144.9,6.90,118,1334,398
54674,144.9,6.90,118,1334,398
54680,149.3,6.70,118,1334,398
54688,140.8,7.10,118,1334,398
54695,142.9,7.00,118,1334,398
54701,144.9,6.90,118,1334,398
54708,142.9,7.00,118,1334,398
54715,142.9,7.00,118,1334,398
54722,149.3,6.70,118,1334,398
54730,133.3,7.50,118,1334,398
54736,153.8,6.50,118,1334,398
54743,147.1,6.80,118,1334,398
54750,144.9,6.90,118,1334,398
54757,138.9,7.20,118,1334,398
54764,147.1,6.80,117,1334,398
54771,140.8,7.10,117,1334,398
54778,147.1,6.80,117,1334,398
54785,138.9,7.20,117,1334,398
54792,144.9,6.90,117,1334,398
54799,144.9,6.90,117,1334,398
54806,147.1,6.80,118,1334,398
54813,140.8,7.10,117,1334,398
54819,147.1,6.80,117,1334,398
54827,138.9,7.20,117,1334,398
54834,140.8,7.10,115,1334,398
54840,151.5,6.60,116,1334,398
54847,140.8,7.10,116,1334,398
54855,140.8,7.10,116,1334,398
54861,153.8,6.50,116,1334,398
54868,137.0,7.30,116,1334,398
54875,151.5,6.60,116,1334,398
54882,140.8,7.10,116,1334,398
54889,142.9,7.00,116,1334,398
54896,147.1,6.80,116,1334,398
54903,142.9,7.00,115,1334,398
54910,144.9,6.90,116,1334,398
54917,142.9,7.00,116,1334,398
54924,144.9,6.90,116,1334,398
54931,142.9,7.00,116,1334,398
54938,137.0,7.30,116,1334,398
54944,158.7,6.30,116,1334,398
54952,137.0,7.30,116,1334,398
54959,142.9,7.00,115,1334,398
54965,147.1,6.80,115,1334,398
54972,140.8,7.10,115,1334,398
54979,147.1,6.80,115,1334,398
54986,142.9,7.00,115,1334,398
54993,144.9,6.90,114,1334,398
55000,142.9,7.00,114,1334,398
55007,144.9,6.90,114,1334,398
55014,142.9,7.00,114,1334,398
55021,142.9,7.00,114,1334,398
55028,147.1,6.80,114,1334,398
55035,142.9,7.00,113,1334,398
55042,140.8,7.10,113,1334,398
55049,151.5,6.60,113,1334,398
55056,138.9,7.20,113,1334,398
55063,147.1,6.80,113,1334,398
55070,142.9,7.00,113,1334,398
55076,144.9,6.90,113,1334,398
55083,142.9,7.00,113,1334,398
55090,144.9,6.90,113,1334,398
55097,142.9,7.00,113,1334,398
55104,147.1,6.80,113,1334,398
55111,138.9,7.20,113,1334,398
55118,149.3,6.70,113,1334,398
55125,142.9,7.00,113,1334,398
55132,144.9,6.90,113,1334,398
55139,142.9,7.00,113,1334,398
55146,137.0,7.30,113,1334,398
55153,156.2,6.40,113,1334,398
55160,138.9,7.20,113,1334,398
55167,144.9,6.90,113,1334,398
55174,142.9,7.00,113,1334,398
55181,138.9,7.20,113,1334,398
55188,151.5,6.60,113,1334,398
55194,147.1,6.80,113,1334,398
55202,138.9,7.20,113,1334,398
55208,147.1,6.80,112,1334,398
55215,142.9,7.00,112,1334,398
55222,147.1,6.80,112,1334,398
55229,140.8,7.10,112,1334,398
55236,147.1,6.80,112,1334,398
55243,138.9,7.20,111,1334,398
55250,142.9,7.00,111,1334,398
55257,149.3,6.70,111,1334,398
55264,142.9,7.00,111,1334,398
55271,135.1,7.40,111,1334,398
55278,147.1,6.80,110,1334,398
55285,149.3,6.70,110,1334,398
55292,138.9,7.20,110,1334,398
55299,153.8,6.50,110,1334,398
55305,147.1,6.80,110,1334,398
55313,137.0,7.30,110,1334,398
55319,147.1,6.80,110,1334,398
55326,142.9,7.00,109,1334,398
55333,142.9,7.00,109,1334,398
55340,149.3,6.70,109,1334,398
55347,140.8,7.10,109,1334,398
55355,137.0,7.30,109,1334,398
55361,153.8,6.50,109,1334,398
55368,140.8,7.10,109,1334,398
55375,144.9,6.90,109,1334,398
55382,142.9,7.00,109,1334,398
55389,142.9,7.00,108,1334,398
55396,144.9,6.90,108,1334,398
55403,142.9,7.00,108,1334,398
55410,147.1,6.80,108,1334,398
55417,142.9,7.00,108,1334,398
55424,142.9,7.00,108,1334,398
55431,144.9,6.90,108,1334,398
55438,142.9,7.00,108,1334,398
55445,144.9,6.90,108,1334,398
55452,142.9,7.00,108,1334,398
55459,142.9,7.00,108,1334,398
55465,149.3,6.70,108,1334,398
55472,138.9,7.20,106,1334,398
55479,147.1,6.80,106,1334,398
55486,144.9,6.90,106,1334,398
55493,140.8,7.10,106,1334,398
55500,147.1,6.80,106,1334,398
55507,140.8,7.10,105,1334,398
55514,147.1,6.80,105,1334,398
55521,142.9,7.00,105,1334,398
55528,142.9,7.00,105,1334,398
55535,151.5,6.60,105,1334,398
55542,137.0,7.30,105,1334,398
55549,147.1,6.80,105,1334,398
55556,142.9,7.00,105,1334,398
55563,138.9,7.20,105,1334,398
55569,153.8,6.50,104,1334,398
55576,140.8,7.10,104,1334,398
55583,142.9,7.00,103,1334,398
55590,144.9,6.90,102,1334,398
55597,144.9,6.90,102,1334,398
55604,142.9,7.00,102,1334,398
55611,142.9,7.00,102,1334,398
55618,147.1,6.80,102,1334,398
55625,140.8,7.10,102,1334,398
55632,147.1,6.80,102,1334,398
55639,144.9,6.90,102,1334,398
55646,140.8,7.10,102,1334,398
55653,142.9,7.00,102,1334,398
55660,147.1,6.80,102,1334,398
55667,138.9,7.20,102,1334,398
55674,149.3,6.70,102,1334,398
55681,142.9,7.00,102,1334,398
55688,144.9,6.90,102,1334,398
55695,142.9,7.00,102,1334,398
55701,144.9,6.90,102,1334,398
55708,144.9,6.90,102,1334,398
55715,142.9,7.00,102,1334,398
55722,140.8,7.10,101,1334,398
55729,147.1,6.80,100,1334,398
55736,142.9,7.00,100,1334,398
55743,144.9,6.90,99,1334,398
55750,142.9,7.00,99,1334,398
55757,142.9,7.00,98,1334,398
55764,142.9,7.00,97,1334,398
55771,137.0,7.30,96,1334,398
55778,156.2,6.40,96,1334,398
55785,144.9,6.90,96,1334,398
55792,144.9,6.90,96,1334,398
55799,142.9,7.00,96,1334,398
55806,142.9,7.00,97,1334,398
55812,149.3,6.70,97,1334,398
55820,138.9,7.20,97,1334,398
55827,138.9,7.20,96,1334,398
55833,158.7,6.30,96,1334,398
55840,138.9,7.20,96,1334,398
55847,140.8,7.10,96,1334,398
55854,144.9,6.90,96,1334,398
55861,144.9,6.90,96,1334,398
55868,142.9,7.00,96,1334,398
55875,137.0,7.30,96,1334,398
55882,158.7,6.30,96,1334,398
55889,137.0,7.30,95,1334,398
55896,144.9,6.90,95,1334,398
55903,144.9,6.90,95,1334,398
55910,142.9,7.00,95,1334,398
55917,144.9,6.90,95,1334,398
55924,142.9,7.00,95,1334,398
55931,144.9,6.90,95,1334,398
55938,142.9,7.00,95,1334,398
55945,142.9,7.00,95,1334,398
55951,147.1,6.80,95,1334,398
55958,142.9,7.00,95,1334,398
55966,140.8,7.10,95,1334,398
55972,149.3,6.70,96,1334,398
55980,137.0,7.30,96,1334,398
55986,156.3,6.40,96,1334,398
55993,137.0,7.30,96,1334,398
56000,147.1,6.80,96,1334,398
56007,140.8,7.10,96,1334,398
56014,149.3,6.70,96,1334,398
56021,138.9,7.20,95,1334,398
56028,147.1,6.80,95,1334,398
56035,142.9,7.00,95,1334,398
56042,147.1,6.80,95,1334,398
56049,140.8,7.10,95,1334,398
56056,142.9,7.00,95,1334,398
56063,144.9,6.90,95,1334,398
56070,144.9,6.90,94,1334,398
56076,144.9,6.90,94,1334,398
56084,137.0,7.30,94,1334,398
56090,156.2,6.40,94,1334,398
56097,140.8,7.10,94,1334,398
56104,138.9,7.20,94,1334,398
56111,147.1,6.80,94,1334,398
56118,144.9,6.90,94,1334,398
56125,138.9,7.20,94,1334,398
56132,149.3,6.70,95,1334,398
56139,142.9,7.00,95,1334,398
56146,144.9,6.90,95,1334,398
56153,144.9,6.90,95,1334,398
56160,140.8,7.10,95,1334,398
56167,144.9,6.90,95,1334,398
56174,147.1,6.80,95,1334,398
56181,138.9,7.20,95,1334,398
56188,144.9,6.90,95,1334,398
56195,144.9,6.90,95,1334,398
56202,142.9,7.00,95,1334,398
56209,144.9,6.90,95,1334,398
56216,142.9,7.00,95,1334,398
56222,144.9,6.90,95,1334,398
56229,144.9,6.90,95,1334,398
56236,144.9,6.90,95,1334,398
56243,140.8,7.10,95,1334,398
56250,144.9,6.90,96,1334,398
56257,144.9,6.90,96,1334,398
56264,144.9,6.90,96,1334,398
56271,137.0,7.30,96,1334,398
56278,158.7,6.30,96,1334,398
56285,133.3,7.50,96,1334,398
56292,151.5,6.60,96,1334,398
56299,142.9,7.00,96,1334,398
56305,149.3,6.70,95,1334,398
56313,137.0,7.30,94,1334,398
56320,147.1,6.80,94,1334,398
56327,142.9,7.00,94,1334,398
56333,144.9,6.90,94,1334,398
56340,147.1,6.80,94,1334,398
56347,138.9,7.20,94,1334,398
56354,147.1,6.80,94,1334,398
56361,142.9,7.00,94,1334,398
56368,144.9,6.90,94,1334,398
56375,144.9,6.90,94,1334,398
56382,144.9,6.90,94,1334,398
56389,142.9,7.00,94,1334,398
56396,137.0,7.30,94,1334,398
56403,156.2,6.40,94,1334,398
56410,138.9,7.20,94,1334,398
56417,142.9,7.00,94,1334,398
56424,144.9,6.90,94,1334,398
56431,142.9,7.00,94,1334,398
56438,142.9,7.00,94,1334,398
56445,147.1,6.80,94,1334,398
56452,142.9,7.00,94,1334,398
56458,144.9,6.90,94,1334,398
56465,142.9,7.00,94,1334,398
56473,140.8,7.10,94,1334,398
56479,149.3,6.70,94,1334,398
56486,140.8,7.10,93,1334,398
56493,142.9,7.00,93,1334,398
56500,144.9,6.90,95,1334,398
56507,151.5,6.60,95,1334,398
56514,137.0,7.30,95,1334,398
56521,144.9,6.90,95,1334,398
56528,144.9,6.90,95,1334,398
56535,144.9,6.90,95,1334,398
56542,140.8,7.10,95,1334,398
56549,144.9,6.90,95,1334,398
56555,151.5,6.60,95,1334,398
56563,137.0,7.30,95,1334,398
56570,147.1,6.80,95,1334,398
56576,144.9,6.90,95,1334,398
56583,142.9,7.00,95,1334,398
56590,142.9,7.00,95,1334,398
56597,144.9,6.90,95,1334,398
56604,140.8,7.10,95,1334,398
56611,151.5,6.60,95,1334,398
56618,137.0,7.30,95,1334,398
56625,147.1,6.80,95,1334,398
56632,144.9,6.90,95,1334,398
56639,142.9,7.00,95,1334,398
56646,144.9,6.90,95,1334,398
56653,144.9,6.90,95,1334,398
56660,142.9,7.00,95,1334,398
56667,142.9,7.00,95,1334,398
56674,142.9,7.00,95,1334,398
56681,149.3,6.70,95,1334,398
56688,140.8,7.10,95,1334,398
56694,147.1,6.80,95,1334,398
56702,140.8,7.10,95,1334,398
56709,142.9,7.00,95,1334,398
56715,149.3,6.70,95,1334,398
56722,138.9,7.20,95,1334,398
56729,142.9,7.00,95,1334,398
56736,147.1,6.80,95,1334,398
56743,144.9,6.90,95,1334,398
56750,147.1,6.80,95,1334,398
56757,140.8,7.10,95,1334,398
56764,142.9,7.00,95,1334,398
56771,144.9,6.90,95,1334,398
56778,147.1,6.80,95,1334,398
56785,140.8,7.10,95,1334,398
56792,144.9,6.90,95,1334,398
56799,142.9,7.00,95,1334,398
56806,147.1,6.80,95,1334,398
56813,138.9,7.20,95,1334,398
56819,156.2,6.40,95,1334,398
56827,137.0,7.30,95,1334,398
56833,144.9,6.90,96,1334,398
56840,147.1,6.80,96,1334,398
56847,142.9,7.00,96,1334,398
56854,140.8,7.10,95,1334,398
56861,144.9,6.90,94,1334,398
56868,149.3,6.70,94,1334,398
56875,138.9,7.20,94,1334,398
56882,144.9,6.90,94,1334,398
56889,142.9,7.00,94,1334,398
56896,147.1,6.80,94,1334,398
56903,144.9,6.90,94,1334,398
56910,140.8,7.10,94,1334,398
56917,142.9,7.00,94,1334,398
56923,151.5,6.60,95,1334,398
56931,140.8,7.10,95,1334,398
56938,142.9,7.00,94,1334,398
56944,144.9,6.90,94,1334,398
56951,142.9,7.00,94,1334,398
56958,142.9,7.00,94,1334,398
56965,144.9,6.90,94,1334,398
56972,140.8,7.10,94,1334,398
56979,144.9,6.90,94,1334,398
56986,144.9,6.90,93,1334,398
56993,144.9,6.90,93,1334,398
57000,144.9,6.90,93,1334,398
57007,142.9,7.00,93,1334,398
57014,144.9,6.90,93,1334,398
57021,133.3,7.50,93,1334,398
57028,161.3,6.20,93,1334,398
57035,137.0,7.30,93,1334,398
57042,147.1,6.80,93,1334,398
57049,142.9,7.00,93,1334,398
57056,144.9,6.90,93,1334,398
57063,140.8,7.10,94,1334,398
57070,147.1,6.80,94,1334,398
57076,144.9,6.90,94,1334,398
57084,140.8,7.10,94,1334,398
57090,144.9,6.90,94,1334,398
57097,147.1,6.80,94,1334,398
57104,142.9,7.00,94,1334,398
57111,142.9,7.00,94,1334,398
57118,144.9,6.90,93,1334,398
57125,140.8,7.10,93,1334,398
57132,149.3,6.70,93,1334,398
57139,140.8,7.10,93,1334,398
57146,144.9,6.90,95,1334,398
57153,142.9,7.00,95,1334,398
57160,144.9,6.90,95,1334,398
57167,138.9,7.20,95,1334,398
57174,151.5,6.60,95,1334,398
57181,137.0,7.30,95,1334,398
57187,153.8,6.50,95,1334,398
57195,138.9,7.20,95,1334,398
57201,147.1,6.80,95,1334,398
57209,140.8,7.10,95,1334,398
57216,142.9,7.00,95,1334,398
57222,147.1,6.80,95,1334,398
57229,140.8,7.10,95,1334,398
57236,147.1,6.80,95,1334,398
57243,144.9,6.90,95,1334,398
57250,140.8,7.10,95,1334,398
57257,144.9,6.90,95,1334,398
57264,147.1,6.80,95,1334,398
57272,131.6,7.60,95,1334,398
57278,156.3,6.40,95,1334,398
57285,144.9,6.90,95,1334,398
57292,144.9,6.90,95,1334,398
57299,142.9,7.00,95,1334,398
57305,149.3,6.70,96,1334,398
57313,138.9,7.20,96,1334,398
57320,144.9,6.90,96,1334,398
57326,149.3,6.70,97,1334,398
57334,135.1,7.40,97,1334,398
57340,151.5,6.60,97,1334,398
57347,140.8,7.10,97,1334,398
57354,142.9,7.00,97,1334,398
57361,147.1,6.80,97,1334,398
57368,142.9,7.00,97,1334,398
57375,144.9,6.90,97,1334,398
57382,140.8,7.10,97,1334,398
57389,147.1,6.80,97,1334,398
57396,142.9,7.00,97,1334,398
57403,142.9,7.00,97,1334,398
57410,144.9,6.90,97,1334,398
57417,144.9,6.90,96,1334,398
57424,140.8,7.10,96,1334,398
57431,144.9,6.90,95,1334,398
57438,137.0,7.30,95,1334,398
57444,156.3,6.40,96,1334,398
57452,140.8,7.10,96,1334,398
57458,144.9,6.90,95,1334,398
57465,142.9,7.00,96,1334,398
57472,144.9,6.90,96,1334,398
57479,142.9,7.00,96,1334,398
57486,147.1,6.80,96,1334,398
57493,140.8,7.10,96,1334,398
57500,144.9,6.90,96,1334,398
57507,142.9,7.00,96,1334,398
57514,142.9,7.00,96,1334,398
57521,144.9,6.90,96,1334,398
57528,147.1,6.80,96,1334,398
57535,142.9,7.00,96,1334,398
57542,140.8,7.10,96,1334,398
57549,151.5,6.60,96,1334,398
57556,138.9,7.20,96,1334,398
57563,142.9,7.00,96,1334,398
57570,144.9,6.90,96,1334,398
57577,144.9,6.90,96,1334,398
57584,142.9,7.00,96,1334,398
57590,147.1,6.80,96,1334,398
57597,140.8,7.10,97,1334,398
57604,144.9,6.90,98,1334,398
57611,144.9,6.90,98,1334,398
57618,142.9,7.00,98,1334,398
57625,142.9,7.00,98,1334,398
57632,144.9,6.90,98,1334,398
57639,147.1,6.80,98,1334,398
57646,135.1,7.40,98,1334,398
57653,161.3,6.20,98,1334,398
57660,138.9,7.20,98,1334,398
57667,140.8,7.10,98,1334,398
57674,144.9,6.90,98,1334,398
57681,144.9,6.90,98,1334,398
57688,142.9,7.00,98,1334,398
57695,144.9,6.90,98,1334,398
57702,142.9,7.00,97,1334,398
57709,142.9,7.00,97,1334,398
57715,147.1,6.80,97,1334,398
57722,142.9,7.00,97,1334,398
57729,144.9,6.90,97,1334,398
57736,138.9,7.20,97,1334,398
57743,151.5,6.60,97,1334,398
57751,131.6,7.60,97,1334,398
57757,161.3,6.20,97,1334,398
57764,140.8,7.10,97,1334,398
57771,144.9,6.90,97,1334,398
57778,142.9,7.00,97,1334,398
57785,144.9,6.90,97,1334,398
57792,144.9,6.90,97,1334,398
57799,142.9,7.00,97,1334,398
57805,151.5,6.60,97,1334,398
57812,138.9,7.20,97,1334,398
57820,140.8,7.10,97,1334,398
57826,147.1,6.80,97,1334,398
57833,142.9,7.00,97,1334,398
57840,144.9,6.90,97,1334,398
57847,144.9,6.90,97,1334,398
57855,133.3,7.50,97,1334,398
57861,158.7,6.30,97,1334,398
57868,140.8,7.10,97,1334,398
57875,140.8,7.10,97,1334,398
57882,144.9,6.90,97,1334,398
57889,142.9,7.00,97,1334,398
57896,142.9,7.00,97,1334,398
57903,147.1,6.80,97,1334,398
57910,140.8,7.10,97,1334,398
57917,147.1,6.80,97,1334,398
57924,142.9,7.00,97,1334,398
57931,142.9,7.00,97,1334,398
57938,144.9,6.90,97,1334,398
57944,147.1,6.80,97,1334,398
57952,140.8,7.10,96,1334,398
57959,140.8,7.10,96,1334,398
57965,153.8,6.50,96,1334,398
57972,137.0,7.30,96,1334,398
57979,144.9,6.90,96,1334,398
57986,147.1,6.80,96,1334,398
57993,142.9,7.00,96,1334,398
58000,142.9,7.00,96,1334,398
58007,144.9,6.90,96,1334,398
58014,144.9,6.90,96,1334,398
58021,142.9,7.00,96,1334,398
58028,142.9,7.00,96,1334,398
58035,142.9,7.00,96,1334,398
58042,147.1,6.80,96,1334,398
58049,142.9,7.00,96,1334,398
58056,144.9,6.90,96,1334,398
58063,137.0,7.30,96,1334,398
58069,156.2,6.40,96,1334,398
58077,138.9,7.20,96,1334,398
58083,147.1,6.80,96,1334,398
58090,140.8,7.10,96,1334,398
58097,147.1,6.80,96,1334,398
58104,140.8,7.10,96,1334,398
58111,144.9,6.90,96,1334,398
58118,142.9,7.00,96,1334,398
58125,149.3,6.70,96,1334,398
58132,138.9,7.20,96,1334,398
58139,144.9,6.90,96,1334,398
58146,142.9,7.00,96,1334,398
58153,147.1,6.80,96,1334,398
58160,142.9,7.00,96,1334,398
58167,137.0,7.30,96,1334,398
58174,153.8,6.50,96,1334,398
58181,137.0,7.30,96,1334,398
58187,156.2,6.40,96,1334,398
58195,138.9,7.20,96,1334,398
58202,140.8,7.10,96,1334,398
58209,144.9,6.90,96,1334,398
58216,142.9,7.00,96,1334,398
58222,147.1,6.80,96,1334,398
58229,144.9,6.90,96,1334,398
58236,142.9,7.00,96,1334,398
58243,144.9,6.90,96,1334,398
58250,142.9,7.00,96,1334,398
58257,144.9,6.90,95,1334,398
58264,142.9,7.00,95,1334,398
58272,133.3,7.50,95,1334,398
58278,158.7,6.30,95,1334,398
58285,144.9,6.90,95,1334,398
58292,144.9,6.90,95,1334,398
58299,137.0,7.30,95,1334,398
58306,149.3,6.70,95,1334,398
58313,144.9,6.90,95,1334,398
58320,142.9,7.00,95,1334,398
58326,144.9,6.90,95,1334,398
58333,142.9,7.00,95,1334,398
58340,144.9,6.90,95,1334,398
58347,144.9,6.90,95,1334,398
58354,140.8,7.10,95,1334,398
58361,147.1,6.80,95,1334,398
58368,142.9,7.00,95,1334,398
58375,140.8,7.10,95,1334,398
58382,149.3,6.70,95,1334,398
58389,142.9,7.00,95,1334,398
58396,144.9,6.90,95,1334,398
58403,140.8,7.10,95,1334,398
58410,142.9,7.00,95,1334,398
58417,149.3,6.70,95,1334,398
58424,140.8,7.10,95,1334,398
58431,144.9,6.90,95,1334,398
58438,140.8,7.10,95,1334,398
58444,149.3,6.70,95,1334,398
58451,142.9,7.00,95,1334,398
58458,147.1,6.80,95,1334,398
58465,138.9,7.20,95,1334,398
58473,140.8,7.10,95,1334,398
58480,142.9,7.00,95,1334,398
58486,156.3,6.40,95,1334,398
58493,135.1,7.40,95,1334,398
58500,151.5,6.60,95,1334,398
58507,142.9,7.00,95,1334,398
58514,140.8,7.10,95,1334,398
58521,147.1,6.80,95,1334,398
58528,144.9,6.90,95,1334,398
58535,140.8,7.10,95,1334,398
58542,147.1,6.80,95,1334,398
58549,142.9,7.00,95,1334,398
58556,142.9,7.00,95,1334,398
58563,144.9,6.90,95,1334,398
58570,142.9,7.00,95,1334,398
58576,147.1,6.80,95,1334,398
58584,137.0,7.30,95,1334,398
58590,151.5,6.60,95,1334,398
58597,140.8,7.10,95,1334,398
58604,140.8,7.10,95,1334,398
58611,149.3,6.70,95,1334,398
58618,140.8,7.10,95,1334,398
58625,142.9,7.00,95,1334,398
58632,144.9,6.90,95,1334,398
58639,149.3,6.70,95,1334,398
58646,147.1,6.80,95,1334,398
58653,138.9,7.20,95,1334,398
58660,147.1,6.80,95,1334,398
58667,142.9,7.00,94,1334,398
58674,142.9,7.00,94,1334,398
58681,144.9,6.90,94,1334,398
58688,140.8,7.10,94,1334,398
58694,149.3,6.70,94,1334,398
58702,140.8,7.10,94,1334,398
58709,142.9,7.00,94,1334,398
58715,147.1,6.80,94,1334,398
58722,144.9,6.90,94,1334,398
58729,142.9,7.00,94,1334,398
58736,142.9,7.00,94,1334,398
58743,142.9,7.00,94,1334,398
58750,144.9,6.90,94,1334,398
58757,144.9,6.90,94,1334,398
58764,147.1,6.80,94,1334,398
58771,144.9,6.90,94,1334,398
58778,142.9,7.00,94,1334,398
58785,142.9,7.00,94,1334,398
58792,138.9,7.20,94,1334,398
58799,151.5,6.60,94,1334,398
58806,140.8,7.10,94,1334,398
58812,147.1,6.80,94,1334,398
58820,140.8,7.10,94,1334,398
58827,142.9,7.00,94,1334,398
58833,144.9,6.90,94,1334,398
58840,144.9,6.90,94,1334,398
58847,142.9,7.00,94,1334,398
58854,142.9,7.00,94,1334,398
58861,140.8,7.10,94,1334,398
58868,149.3,6.70,94,1334,398
58875,142.9,7.00,94,1334,398
58882,147.1,6.80,94,1334,398
58889,140.8,7.10,94,1334,398
58896,138.9,7.20,93,1334,398
58903,153.8,6.50,93,1334,398
58910,140.8,7.10,93,1334,398
58917,140.8,7.10,93,1334,398
58924,147.1,6.80,93,1334,398
58931,142.9,7.00,93,1334,398
58938,147.1,6.80,93,1334,398
58945,140.8,7.10,93,1334,398
58952,144.9,6.90,93,1334,398
58958,144.9,6.90,92,1334,398
58965,142.9,7.00,92,1334,398
58973,140.8,7.10,92,1334,398
58979,149.3,6.70,92,1334,398
58986,142.9,7.00,92,1334,398
58993,142.9,7.00,92,1334,398
59000,140.8,7.10,92,1334,398
59007,156.3,6.40,92,1334,398
59014,137.0,7.30,92,1334,398
59021,144.9,6.90,91,1334,398
59028,142.9,7.00,91,1334,398
59035,144.9,6.90,91,1334,398
59042,142.9,7.00,91,1334,398
59049,144.9,6.90,90,1334,398
59056,142.9,7.00,90,1334,398
59063,144.9,6.90,90,1334,398
59070,142.9,7.00,90,1334,398
59077,144.9,6.90,89,1334,398
59083,144.9,6.90,88,1334,398
59090,142.9,7.00,88,1334,398
59097,147.1,6.80,88,1334,398
59104,138.9,7.20,86,1334,398
59111,149.3,6.70,86,1334,398
59118,142.9,7.00,86,1334,398
59125,144.9,6.90,86,1334,398
59132,144.9,6.90,86,1334,398
59139,140.8,7.10,86,1334,398
59146,147.1,6.80,85,1334,398
59153,142.9,7.00,85,1334,398
59160,147.1,6.80,85,1334,398
59167,140.8,7.10,85,1334,398
59174,147.1,6.80,85,1334,398
59182,117.6,8.50,83,1334,398
59188,185.2,5.40,83,1334,398
59195,133.3,7.50,83,1334,398
59201,163.9,6.10,83,1334,398
59209,135.1,7.40,83,1334,398
59216,142.9,7.00,83,1334,398
59222,147.1,6.80,81,1334,398
59229,140.8,7.10,81,1334,398
59236,144.9,6.90,81,1334,398
59243,142.9,7.00,80,1334,398
59250,147.1,6.80,80,1334,398
59257,144.9,6.90,80,1334,398
59264,142.9,7.00,80,1334,398
59271,138.9,7.20,79,1334,398
59278,156.2,6.40,79,1334,398
59285,140.8,7.10,79,1334,398
59292,144.9,6.90,79,1334,398
59299,138.9,7.20,79,1334,398
59306,142.9,7.00,79,1334,398
59313,144.9,6.90,79,1334,398
59319,151.5,6.60,79,1334,398
59326,140.8,7.10,79,1334,398
59334,137.0,7.30,79,1334,398
59340,149.3,6.70,79,1334,398
59347,147.1,6.80,79,1334,398
59354,144.9,6.90,79,1334,398
59361,142.9,7.00,79,1334,398
59368,144.9,6.90,79,1334,398
59375,138.9,7.20,79,1334,398
59382,147.1,6.80,79,1334,398
59389,140.8,7.10,77,1334,398
59396,142.9,7.00,77,1334,398
59403,153.8,6.50,77,1334,398
59410,142.9,7.00,77,1334,398
59417,135.1,7.40,77,1334,398
59424,153.8,6.50,77,1334,398
59431,138.9,7.20,77,1334,398
59438,142.9,7.00,77,1334,398
59445,147.1,6.80,77,1334,398
59451,147.1,6.80,77,1334,398
59458,140.8,7.10,77,1334,398
59465,144.9,6.90,75,1334,398
59473,138.9,7.20,75,1334,398
59479,151.5,6.60,75,1334,398
59486,137.0,7.30,75,1334,398
59493,149.3,6.70,75,1334,398
59500,147.1,6.80,75,1334,398
59507,138.9,7.20,75,1334,398
59514,140.8,7.10,75,1334,398
59521,142.9,7.00,75,1334,398
59528,158.7,6.30,75,1334,398
59535,140.8,7.10,75,1334,398
59542,140.8,7.10,75,1334,398
59549,147.1,6.80,75,1334,398
59556,142.9,7.00,75,1334,398
59562,144.9,6.90,75,1334,398
59569,142.9,7.00,75,1334,398
59576,144.9,6.90,75,1334,398
59583,147.1,6.80,75,1334,398
59590,140.8,7.10,75,1334,398
59597,142.9,7.00,75,1334,398
59604,142.9,7.00,75,1334,398
59611,142.9,7.00,75,1334,398
59618,144.9,6.90,75,1334,398
59625,138.9,7.20,75,1334,398
59632,149.3,6.70,76,1334,398
59639,144.9,6.90,76,1334,398
59646,140.8,7.10,76,1334,398
59653,144.9,6.90,76,1334,398
59660,147.1,6.80,76,1334,398
59667,144.9,6.90,76,1334,398
59674,140.8,7.10,76,1334,398
59680,149.3,6.70,76,1334,398
59688,140.8,7.10,76,1334,398
59694,147.1,6.80,76,1334,398
59701,142.9,7.00,77,1334,398
59708,144.9,6.90,77,1334,398
59715,144.9,6.90,77,1334,398
59722,142.9,7.00,77,1334,398
59729,140.8,7.10,77,1334,398
59736,144.9,6.90,77,1334,398
59743,138.9,7.20,77,1334,398
59750,149.3,6.70,77,1334,398
59757,144.9,6.90,77,1334,398
59764,140.8,7.10,77,1334,398
59771,149.3,6.70,76,1334,398
59778,142.9,7.00,76,1334,398
59785,142.9,7.00,76,1334,398
59792,144.9,6.90,76,1334,398
59799,144.9,6.90,76,1334,398
59806,140.8,7.10,76,1334,398
59812,149.3,6.70,76,1334,398
59819,144.9,6.90,76,1334,398
59826,138.9,7.20,76,1334,398
59834,137.0,7.30,76,1334,398
59840,156.2,6.40,76,1334,398
59847,140.8,7.10,76,1334,398
59854,144.9,6.90,76,1334,398
59861,142.9,7.00,76,1334,398
59868,142.9,7.00,76,1334,398
59875,142.9,7.00,76,1334,398
59882,147.1,6.80,76,1334,398
59889,140.8,7.10,76,1334,398
59896,147.1,6.80,76,1334,398
59903,142.9,7.00,76,1334,398
59910,144.9,6.90,76,1334,398
59917,144.9,6.90,76,1334,398
59924,142.9,7.00,76,1334,398
59931,144.9,6.90,75,1334,398
59938,138.9,7.20,75,1334,398
59945,144.9,6.90,75,1334,398
59952,142.9,7.00,75,1334,398
59958,149.3,6.70,75,1334,398
59965,142.9,7.00,75,1334,398
59972,147.1,6.80,75,1334,398
59979,142.9,7.00,75,1334,398
59986,142.9,7.00,75,1334,398
59993,144.9,6.90,75,1334,398
60000,142.9,7.00,405,1334,398
