API de Renderizacao: WEBGPU
Cenario: D
Timestamp Unix de Inicio do Ensaio (ms): 1787323561730
Tempo de Carregamento Inicial (Assets + Draco): 6.86 segundos (6863.30 ms)
Taxa de Quadros (FPS) Media: 111.67 FPS
Taxa de Quadros (FPS) Minima (Pico de Engasgo): 0.59 FPS
Taxa de Quadros (FPS) Maxima: 243.90 FPS
Tempo de Frame Medio: 24.26 ms
Tempo de Frame Maximo: 1684.80 ms
Draw Calls Medio: 3111.0
Draw Calls Maximo: 5583
Geometrias na VRAM (final): 1334
Texturas na VRAM (final): 398
Total de Quadros Amostrados: 2473 frames

--- DADOS BRUTOS QUADRO A QUADRO ---
Tempo Decorrido (ms),FPS Instantaneo,Tempo de Frame (ms),Draw Calls,Geometrias,Texturas
1685,0.6,1684.80,639,1332,398
1699,73.5,13.60,641,1332,398
1804,9.5,105.00,643,1332,398
1947,7.0,142.90,645,1332,398
2058,9.0,111.60,647,1332,398
2182,8.1,123.90,649,1332,398
2260,12.9,77.60,651,1332,398
2334,13.5,74.00,653,1332,398
2411,12.9,77.30,655,1332,398
2486,13.4,74.50,657,1332,398
2583,10.2,97.60,659,1332,398
2687,9.6,103.70,661,1332,398
2774,11.5,87.30,663,1332,398
2870,10.5,95.60,665,1332,398
2950,12.5,79.70,667,1332,398
3036,11.5,86.80,669,1332,398
3109,13.8,72.70,671,1332,398
3182,13.8,72.40,673,1332,398
3256,13.5,74.30,675,1332,398
3331,13.2,75.50,677,1332,398
3403,14.0,71.60,679,1332,398
3477,13.4,74.50,681,1332,398
3554,13.1,76.10,683,1332,398
3627,13.7,73.20,685,1332,398
3701,13.5,74.30,687,1332,398
3776,13.4,74.70,689,1332,398
3866,11.0,90.50,691,1332,398
3959,10.8,92.70,693,1332,398
4040,12.4,80.70,695,1332,398
4114,13.5,73.90,697,1332,398
4190,13.1,76.40,699,1332,398
4267,13.1,76.60,701,1332,398
4343,13.2,75.80,703,1332,398
4419,13.2,76.00,705,1332,398
4496,13.0,77.00,707,1332,398
4576,12.4,80.70,709,1332,398
4653,13.1,76.50,711,1332,398
4729,13.1,76.50,713,1332,398
4806,13.0,77.20,715,1332,398
4910,9.6,103.70,717,1332,398
5001,11.0,90.70,719,1332,398
5082,12.4,80.90,721,1332,398
5161,12.6,79.20,723,1332,398
5241,12.5,80.20,725,1332,398
5319,12.8,78.10,727,1332,398
5401,12.3,81.60,729,1332,398
5479,12.8,78.40,731,1332,398
5562,12.1,82.60,733,1332,398
5646,11.9,84.20,735,1332,398
5729,12.1,82.70,737,1332,398
5811,12.2,81.90,739,1332,398
5905,10.6,94.50,741,1332,398
5998,10.7,93.10,743,1332,398
6085,11.5,87.10,745,1332,398
6169,12.0,83.20,747,1332,398
6252,12.0,83.40,749,1332,398
6332,12.6,79.50,751,1332,398
6406,13.4,74.50,753,1332,398
6478,13.9,71.80,755,1332,398
6548,14.2,70.20,757,1332,398
6623,13.3,75.10,759,1332,398
6693,14.4,69.40,761,1332,398
6774,12.3,81.30,763,1332,398
6862,11.4,87.70,765,1332,398
6949,11.4,87.90,767,1332,398
7042,10.8,92.50,769,1332,398
7118,13.1,76.50,771,1332,398
7193,13.5,74.20,773,1332,398
7261,14.7,68.10,775,1332,398
7330,14.5,69.20,777,1332,398
7402,13.9,71.80,779,1332,398
7473,13.9,71.70,781,1332,398
7545,14.0,71.20,783,1332,398
7614,14.3,69.80,785,1332,398
7684,14.4,69.50,787,1332,398
7755,14.1,71.00,789,1332,398
7825,14.3,69.70,791,1332,398
7912,11.5,87.20,793,1332,398
7991,12.6,79.50,795,1332,398
8064,13.7,73.00,797,1332,398
8136,14.0,71.30,799,1332,398
8207,14.0,71.40,801,1332,398
8277,14.3,70.10,803,1332,398
8348,14.0,71.20,805,1332,398
8419,14.1,71.00,807,1332,398
8491,13.9,71.90,809,1332,398
8564,13.7,73.20,811,1332,398
8635,14.2,70.20,813,1332,398
8704,14.4,69.40,815,1332,398
8772,14.6,68.30,817,1332,398
8841,14.5,68.90,819,1332,398
8927,11.7,85.30,821,1332,398
9001,13.4,74.90,823,1332,398
9074,13.7,72.90,825,1332,398
9142,14.7,67.90,827,1332,398
9232,11.1,90.00,829,1332,398
9300,14.7,67.90,831,1332,398
9369,14.6,68.60,833,1332,398
9436,14.9,66.90,835,1332,398
9505,14.5,69.20,837,1332,398
9573,14.7,67.90,839,1332,398
9640,15.0,66.80,841,1332,398
9708,14.6,68.40,843,1332,398
9776,14.7,67.80,845,1332,398
9842,15.2,65.90,847,1332,398
9925,12.0,83.00,849,1332,398
9993,14.6,68.30,851,1332,398
10068,13.2,75.50,853,1332,398
10137,14.6,68.50,855,1332,398
10205,14.7,68.10,857,1332,398
10271,15.2,65.80,859,1332,398
10338,14.8,67.60,861,1332,398
10404,15.2,65.60,863,1332,398
10471,14.9,67.00,865,1332,398
10540,14.5,69.20,867,1332,398
10606,15.2,66.00,869,1332,398
10673,15.1,66.30,871,1332,398
10737,15.5,64.70,873,1332,398
10804,15.1,66.40,875,1332,398
10871,14.8,67.60,877,1332,398
10955,12.0,83.20,879,1332,398
11047,10.8,92.30,881,1332,398
11135,11.4,87.60,883,1332,398
11203,14.6,68.60,885,1332,398
11270,14.9,66.90,887,1332,398
11337,14.9,67.10,889,1332,398
11416,12.7,78.90,891,1332,398
11480,15.6,64.10,893,1332,398
11548,14.8,67.60,895,1332,398
11619,14.0,71.20,897,1332,398
11686,14.9,66.90,899,1332,398
11749,15.9,63.00,901,1332,398
11812,15.8,63.10,903,1332,398
11875,15.8,63.10,905,1332,398
11955,12.5,79.80,907,1332,398
12030,13.3,75.10,909,1332,398
12105,13.3,75.20,911,1332,398
12167,16.2,61.60,913,1332,398
12229,16.0,62.40,915,1332,398
12293,15.7,63.80,917,1332,398
12355,16.0,62.40,919,1332,398
12419,15.7,63.60,921,1332,398
12481,16.1,62.20,923,1332,398
12546,15.3,65.20,925,1332,398
12620,13.6,73.30,927,1332,398
12682,16.1,62.10,929,1332,398
12745,15.9,62.80,931,1332,398
12808,15.7,63.50,933,1332,398
12883,13.3,75.10,935,1332,398
12965,12.2,82.10,937,1332,398
13039,13.5,74.10,939,1332,398
13103,15.8,63.30,941,1332,398
13168,15.4,65.10,943,1332,398
13232,15.6,64.00,945,1332,398
13297,15.4,65.00,947,1332,398
13362,15.2,65.60,949,1332,398
13428,15.2,65.90,951,1332,398
13491,15.9,62.90,953,1332,398
13576,11.9,84.30,955,1332,398
13641,15.3,65.50,957,1332,398
13706,15.4,65.10,959,1332,398
13772,15.1,66.20,961,1332,398
13838,15.2,65.80,963,1332,398
13909,14.0,71.20,965,1332,398
13980,14.1,71.10,967,1332,398
14055,13.5,74.30,969,1332,398
14121,15.2,65.80,971,1332,398
14186,15.4,65.00,973,1332,398
14251,15.3,65.30,975,1332,398
14317,15.1,66.40,977,1332,398
14382,15.4,64.90,979,1332,398
14459,12.9,77.30,981,1332,398
14526,15.1,66.20,983,1332,398
14592,15.1,66.30,985,1332,398
14658,15.2,65.60,987,1332,398
14721,15.7,63.50,989,1332,398
14784,15.8,63.20,991,1332,398
14847,16.1,62.30,993,1332,398
14918,14.0,71.20,995,1332,398
14998,12.5,80.10,997,1332,398
15074,13.1,76.60,999,1332,398
15139,15.5,64.50,1001,1332,398
15224,11.7,85.40,1003,1332,398
15315,11.1,90.30,1005,1332,398
15398,11.9,83.80,1007,1332,398
15464,15.2,65.70,1009,1332,398
15530,15.2,66.00,1011,1332,398
15595,15.4,65.10,1013,1332,398
15661,15.1,66.10,1015,1332,398
15745,11.9,83.90,1017,1332,398
15811,15.2,66.00,1019,1332,398
15878,15.0,66.50,1021,1332,398
15960,12.2,82.20,1023,1332,398
16027,14.9,67.30,1025,1332,398
16097,14.2,70.20,1027,1332,398
16164,14.9,67.00,1029,1332,398
16229,15.5,64.50,1031,1332,398
16297,14.8,67.70,1033,1332,398
16366,14.5,69.10,1035,1332,398
16432,15.1,66.40,1037,1332,398
16499,15.0,66.60,1039,1332,398
16568,14.6,68.60,1041,1332,398
16634,15.1,66.20,1043,1332,398
16701,14.9,66.90,1045,1332,398
16767,15.0,66.80,1047,1332,398
16834,14.9,67.00,1049,1332,398
16904,14.3,70.00,1051,1332,398
16992,11.4,87.50,1053,1332,398
17077,11.8,85.10,1055,1332,398
17145,14.7,68.20,1057,1332,398
17213,14.7,67.90,1059,1332,398
17278,15.5,64.70,1061,1332,398
17346,14.7,68.20,1063,1332,398
17415,14.5,69.20,1065,1332,398
17485,14.3,69.90,1067,1332,398
17553,14.7,68.20,1069,1332,398
17623,14.4,69.40,1071,1332,398
17689,15.1,66.10,1073,1332,398
17757,14.7,67.90,1075,1332,398
17824,14.8,67.50,1077,1332,398
17911,11.6,86.40,1079,1332,398
17989,12.7,78.80,1081,1332,398
18076,11.5,86.70,1083,1332,398
18145,14.5,69.00,1085,1332,398
18213,14.7,67.90,1087,1332,398
18280,14.9,66.90,1089,1332,398
18349,14.5,69.20,1091,1332,398
18418,14.6,68.70,1093,1332,398
18486,14.7,68.20,1095,1332,398
18556,14.4,69.50,1097,1332,398
18623,14.7,67.80,1099,1332,398
18691,14.7,67.90,1101,1332,398
18759,14.7,68.00,1103,1332,398
18828,14.6,68.30,1105,1332,398
18896,14.7,68.00,1107,1332,398
18985,11.2,89.50,1109,1332,398
19074,11.2,89.10,1111,1332,398
19142,14.8,67.70,1113,1332,398
19211,14.6,68.70,1115,1332,398
19278,14.9,67.00,1117,1332,398
19345,14.8,67.50,1119,1332,398
19420,13.4,74.80,1121,1332,398
19488,14.7,68.20,1123,1332,398
19555,14.9,67.00,1125,1332,398
19620,15.4,65.00,1127,1332,398
19685,15.3,65.40,1129,1332,398
19752,15.1,66.30,1131,1332,398
19817,15.3,65.30,1133,1332,398
19898,12.3,81.20,1135,1332,398
19991,10.8,92.60,1137,1332,398
20085,10.6,94.20,1139,1332,398
20154,14.5,68.90,1141,1332,398
20222,14.7,67.90,1143,1332,398
20289,14.8,67.40,1145,1332,398
20359,14.3,69.80,1147,1332,398
20428,14.5,69.20,1149,1332,398
20495,15.0,66.60,1151,1332,398
20567,13.8,72.30,1153,1332,398
20637,14.4,69.40,1155,1332,398
20706,14.4,69.30,1157,1332,398
20776,14.3,70.10,1159,1332,398
20847,14.1,70.70,1161,1332,398
20918,14.0,71.60,1163,1332,398
21005,11.5,87.10,1165,1332,398
21091,11.7,85.50,1167,1332,398
21165,13.6,73.60,1169,1332,398
21236,14.1,71.00,1171,1332,398
21308,13.9,72.20,1173,1332,398
21383,13.4,74.80,1175,1332,398
21469,11.6,86.10,1177,1332,398
21543,13.5,74.20,1179,1332,398
21616,13.7,73.00,1181,1332,398
21690,13.5,74.20,1183,1332,398
21763,13.7,72.80,1185,1332,398
21835,13.9,71.90,1187,1332,398
21906,14.1,71.10,1189,1332,398
21999,10.8,92.90,1191,1332,398
22103,9.6,103.90,1193,1332,398
22177,13.6,73.80,1195,1332,398
22263,11.6,86.50,1197,1332,398
22337,13.6,73.60,1199,1332,398
22412,13.2,75.50,1201,1332,398
22484,13.9,71.70,1203,1332,398
22558,13.5,74.30,1205,1332,398
22632,13.6,73.50,1207,1332,398
22704,13.9,71.70,1209,1332,398
22776,13.9,72.00,1211,1332,398
22850,13.4,74.60,1213,1332,398
22922,14.0,71.40,1215,1332,398
22995,13.7,73.00,1217,1332,398
23076,12.3,81.30,1219,1332,398
23152,13.1,76.60,1221,1332,398
23225,13.8,72.30,1223,1332,398
23297,13.9,71.90,1225,1332,398
23370,13.6,73.30,1227,1332,398
23443,13.8,72.60,1229,1332,398
23512,14.3,69.90,1231,1332,398
23585,13.8,72.30,1233,1332,398
23656,14.1,71.10,1235,1332,398
23727,14.1,71.10,1237,1332,398
23798,14.1,70.80,1239,1332,398
23869,14.1,70.90,1241,1332,398
23938,14.5,69.00,1243,1332,398
24032,10.6,94.70,1245,1332,398
24134,9.9,101.30,1247,1332,398
24234,10.0,100.20,1249,1332,398
24310,13.1,76.60,1251,1332,398
24403,10.8,92.90,1253,1332,398
24487,12.0,83.20,1255,1332,398
24572,11.8,85.00,1257,1332,398
24655,11.9,83.70,1259,1332,398
24729,13.6,73.60,1261,1332,398
24799,14.2,70.60,1263,1332,398
24886,11.5,87.00,1265,1332,398
24977,11.0,90.70,1267,1332,398
25082,9.5,104.80,1269,1332,398
25158,13.1,76.30,1271,1332,398
25229,14.2,70.50,1273,1332,398
25317,11.3,88.50,1275,1332,398
25402,11.8,84.70,1277,1332,398
25502,10.0,100.30,1279,1332,398
25575,13.8,72.40,1281,1332,398
25652,12.9,77.60,1283,1332,398
25735,12.0,83.20,1285,1332,398
25824,11.3,88.60,1287,1332,398
25894,14.3,70.00,1289,1332,398
25965,14.1,70.70,1291,1332,398
26097,7.6,131.90,1293,1332,398
26196,10.1,99.40,1295,1332,398
26286,11.1,90.20,1297,1332,398
26384,10.2,97.80,1299,1332,398
26477,10.8,93.00,1301,1332,398
26571,10.7,93.50,1303,1332,398
26659,11.3,88.30,1305,1332,398
26749,11.1,90.10,1307,1332,398
26846,10.3,97.10,1309,1332,398
26940,10.6,94.20,1311,1332,398
27092,6.6,151.70,1313,1332,398
27180,11.4,87.90,1315,1332,398
27266,11.7,85.80,1317,1332,398
27349,12.0,83.60,1319,1332,398
27444,10.6,94.30,1321,1332,398
27516,13.8,72.40,1323,1332,398
27592,13.2,75.80,1325,1332,398
27668,13.2,75.90,1327,1332,398
27742,13.4,74.40,1329,1332,398
27824,12.2,82.00,1331,1332,398
27898,13.4,74.40,1333,1332,398
27974,13.2,75.60,1335,1332,398
28086,8.9,112.10,1337,1332,398
28167,12.4,80.90,1339,1332,398
28241,13.5,74.10,1341,1332,398
28346,9.5,105.00,1343,1332,398
28477,7.6,130.80,1345,1332,398
28551,13.5,73.90,1347,1332,398
28633,12.2,82.20,1349,1332,398
28742,9.1,109.30,1351,1332,398
28821,12.7,78.60,1353,1332,398
28896,13.4,74.70,1355,1332,398
28970,13.5,74.10,1357,1332,398
29069,10.1,99.40,1359,1332,398
29162,10.8,92.80,1361,1333,398
29234,13.8,72.30,1363,1334,398
29331,10.4,96.60,1365,1334,398
29404,13.8,72.70,1367,1334,398
29475,14.0,71.30,1369,1334,398
29547,13.8,72.60,1371,1334,398
29619,13.9,72.00,1373,1334,398
29690,14.1,70.70,1375,1334,398
29761,14.0,71.20,1377,1334,398
29829,14.7,68.00,1379,1334,398
29903,13.7,73.20,1381,1334,398
29972,14.4,69.30,1383,1334,398
30064,10.9,91.70,1385,1334,398
30154,11.0,90.90,1387,1334,398
30221,14.9,67.00,1389,1334,398
30289,14.8,67.60,1391,1334,398
30359,14.4,69.60,1393,1334,398
30426,14.7,67.80,1395,1334,398
30497,14.1,71.00,1397,1334,398
30565,14.7,67.90,1399,1334,398
30636,14.1,71.10,1401,1334,398
30705,14.7,68.10,1403,1334,398
30772,14.7,67.90,1405,1334,398
30843,14.2,70.20,1407,1334,398
30939,10.4,95.90,1409,1334,398
31006,14.7,67.90,1411,1334,398
31089,12.1,82.60,1413,1334,398
31171,12.2,82.10,1415,1334,398
31239,14.6,68.30,1417,1334,398
31307,14.8,67.40,1419,1334,398
31375,14.6,68.60,1421,1334,398
31446,14.2,70.20,1423,1334,398
31515,14.4,69.30,1425,1334,398
31588,13.8,72.70,1427,1334,398
31658,14.3,69.90,1429,1334,398
31725,14.8,67.50,1431,1334,398
31794,14.4,69.40,1433,1334,398
31864,14.3,69.90,1435,1334,398
31933,14.6,68.70,1437,1334,398
32001,14.7,68.10,1439,1334,398
32090,11.3,88.60,1441,1334,398
32171,12.3,81.00,1443,1334,398
32240,14.4,69.60,1445,1334,398
32310,14.4,69.60,1447,1334,398
32380,14.2,70.30,1449,1334,398
32451,14.2,70.50,1451,1334,398
32542,10.9,91.40,1453,1334,398
32637,10.6,94.50,1455,1334,398
32707,14.3,69.90,1457,1334,398
32777,14.2,70.60,1459,1334,398
32847,14.3,70.00,1461,1334,398
32918,14.1,70.90,1463,1334,398
32991,13.8,72.40,1465,1334,398
33083,10.9,92.10,1467,1334,398
33181,10.2,98.40,1469,1334,398
33254,13.6,73.30,1471,1334,398
33326,14.0,71.20,1473,1334,398
33398,13.8,72.30,1475,1334,398
33471,13.8,72.70,1477,1334,398
33543,13.8,72.30,1479,1334,398
33617,13.5,74.20,1481,1334,398
33689,13.9,71.90,1483,1334,398
33762,13.8,72.50,1485,1334,398
33833,13.9,71.80,1487,1334,398
33908,13.4,74.70,1489,1334,398
33982,13.5,74.20,1491,1334,398
34068,11.7,85.80,1493,1334,398
34149,12.3,81.00,1495,1334,398
34227,12.8,78.20,1497,1334,398
34303,13.2,75.80,1499,1334,398
34380,12.9,77.30,1501,1334,398
34456,13.2,75.60,1503,1334,398
34532,13.1,76.30,1505,1334,398
34610,12.9,77.70,1507,1334,398
34687,13.0,77.10,1509,1334,398
34762,13.4,74.70,1511,1334,398
34838,13.1,76.60,1513,1334,398
34914,13.2,75.80,1515,1334,398
34989,13.4,74.60,1517,1334,398
35076,11.5,87.00,1519,1334,398
35178,9.8,102.10,1521,1334,398
35277,10.1,99.40,1523,1334,398
35353,13.2,75.70,1525,1334,398
35430,13.1,76.60,1527,1334,398
35505,13.3,75.10,1529,1334,398
35582,13.0,77.10,1531,1334,398
35659,12.9,77.30,1533,1334,398
35735,13.2,75.90,1535,1334,398
35811,13.1,76.40,1537,1334,398
35887,13.2,75.80,1539,1334,398
35963,13.2,75.50,1541,1334,398
36037,13.4,74.70,1543,1334,398
36126,11.3,88.50,1545,1334,398
36207,12.3,81.10,1547,1334,398
36283,13.1,76.30,1549,1334,398
36359,13.2,76.00,1551,1334,398
36435,13.3,75.40,1553,1334,398
36509,13.5,74.00,1555,1334,398
36588,12.6,79.20,1557,1334,398
36678,11.1,89.90,1559,1334,398
36773,10.5,95.20,1561,1334,398
36855,12.2,82.20,1563,1334,398
36935,12.5,79.70,1565,1334,398
37009,13.4,74.40,1567,1334,398
37086,13.0,76.70,1569,1334,398
37181,10.6,94.60,1571,1334,398
37251,14.2,70.60,1573,1334,398
37321,14.4,69.50,1575,1334,398
37402,12.3,81.40,1577,1334,398
37471,14.5,69.00,1579,1334,398
37545,13.6,73.70,1581,1334,398
37616,14.1,70.80,1583,1334,398
37687,14.0,71.20,1585,1334,398
37761,13.4,74.40,1587,1334,398
37835,13.7,73.20,1589,1334,398
37911,13.1,76.20,1591,1334,398
37988,12.9,77.30,1593,1334,398
38068,12.6,79.40,1595,1334,398
38165,10.3,97.40,1597,1334,398
38246,12.3,81.10,1599,1334,398
38327,12.4,80.90,1601,1334,398
38408,12.4,80.60,1603,1334,398
38488,12.4,80.70,1605,1334,398
38574,11.7,85.50,1607,1334,398
38654,12.5,80.20,1609,1334,398
38735,12.4,80.60,1611,1334,398
38817,12.2,82.10,1613,1334,398
38898,12.3,81.10,1615,1334,398
38980,12.2,82.30,1617,1334,398
39060,12.5,79.70,1619,1334,398
39171,9.0,111.20,1621,1334,398
39255,12.0,83.60,1623,1334,398
39342,11.5,87.30,1625,1334,398
39422,12.5,79.80,1627,1334,398
39501,12.6,79.10,1629,1334,398
39606,9.5,105.60,1631,1334,398
39686,12.6,79.20,1633,1334,398
39762,13.1,76.30,1635,1334,398
39838,13.2,75.70,1637,1334,398
39912,13.4,74.40,1639,1334,398
39987,13.4,74.90,1641,1334,398
40062,13.3,75.40,1643,1334,398
40181,8.5,118.20,1645,1334,398
40260,12.6,79.10,1647,1334,398
40336,13.1,76.60,1649,1334,398
40414,12.9,77.70,1651,1334,398
40491,13.0,77.00,1653,1334,398
40571,12.5,79.90,1655,1334,398
40650,12.6,79.40,1657,1334,398
40727,13.1,76.40,1659,1334,398
40803,13.1,76.20,1661,1334,398
40912,9.1,109.70,1663,1334,398
41023,9.1,110.30,1665,1334,398
41103,12.4,80.70,1667,1334,398
41109,175.4,5.70,1669,1334,398
41230,8.3,120.50,1671,1334,398
41310,12.5,80.20,1673,1334,398
41391,12.3,81.20,1675,1334,398
41471,12.5,79.70,1677,1334,398
41551,12.5,80.10,1679,1334,398
41631,12.4,80.60,1681,1334,398
41714,12.1,82.40,1683,1334,398
41812,10.2,98.50,1685,1334,398
41899,11.6,86.50,1687,1334,398
41981,12.2,82.20,1689,1334,398
42062,12.3,81.10,1691,1334,398
42161,10.2,98.40,1693,1334,398
42251,11.0,90.80,1695,1334,398
42336,11.8,84.90,1697,1334,398
42421,11.8,84.70,1699,1334,398
42502,12.3,81.40,1701,1334,398
42586,12.0,83.30,1703,1334,398
42671,11.7,85.40,1705,1334,398
42752,12.3,81.00,1707,1334,398
42832,12.5,79.90,1709,1334,398
42912,12.4,80.40,1711,1334,398
42992,12.6,79.50,1713,1334,398
43072,12.5,80.20,1715,1334,398
43161,11.3,88.50,1717,1334,398
43266,9.5,105.40,1719,1334,398
43346,12.6,79.50,1721,1334,398
43429,12.0,83.20,1723,1334,398
43508,12.6,79.10,1725,1334,398
43587,12.7,78.70,1727,1334,398
43665,12.7,78.50,1729,1334,398
43744,12.6,79.10,1731,1334,398
43822,12.8,78.20,1733,1334,398
43915,10.8,93.00,1735,1334,398
43997,12.2,82.00,1737,1334,398
44077,12.6,79.60,1739,1334,398
44167,11.1,90.30,1741,1334,398
44257,11.2,89.40,1743,1334,398
44335,12.8,78.40,1745,1334,398
44414,12.7,78.90,1747,1334,398
44490,13.1,76.40,1749,1334,398
44567,13.0,76.70,1751,1334,398
44643,13.1,76.40,1753,1334,398
44720,13.1,76.40,1755,1334,398
44799,12.6,79.50,1757,1334,398
44877,12.9,77.30,1759,1334,398
44956,12.7,79.00,1761,1334,398
45046,11.1,90.30,1763,1334,398
45157,9.0,111.00,1765,1334,398
45297,7.2,139.60,1767,1334,398
45378,12.3,81.10,1769,1334,398
45412,29.4,34.00,1771,1334,398
45467,18.2,54.90,1773,1334,398
45519,18.9,52.80,1775,1334,398
45553,29.4,34.00,1777,1334,398
45608,18.2,55.00,1779,1334,398
45641,31.0,32.30,1781,1334,398
45692,19.5,51.20,1783,1334,398
45724,31.0,32.30,1785,1334,398
45782,17.3,57.90,1787,1334,398
45815,30.1,33.20,1789,1334,398
45858,23.2,43.10,1791,1334,398
45890,31.7,31.50,1793,1334,398
45939,20.4,49.10,1795,1334,398
45974,28.7,34.90,1797,1334,398
46035,16.2,61.60,1799,1334,398
46109,13.6,73.70,1801,1334,398
46173,15.8,63.40,1803,1334,398
46253,12.5,79.90,1805,1334,398
46296,23.0,43.40,1807,1334,398
46328,31.4,31.80,1809,1334,398
46383,18.0,55.50,1811,1334,398
46432,20.5,48.80,1813,1334,398
46461,34.0,29.40,1815,1334,398
46510,20.7,48.20,1817,1334,398
46519,103.1,9.70,1819,1334,398
46528,112.4,8.90,1821,1334,398
46537,119.0,8.40,1823,1334,398
46548,90.9,11.00,1825,1334,398
46556,120.5,8.30,1827,1334,398
46590,29.2,34.20,1829,1334,398
46601,90.1,11.10,1831,1334,398
46611,102.0,9.80,1833,1334,398
46619,120.5,8.30,1835,1334,398
46629,101.0,9.90,1837,1334,398
46641,87.7,11.40,1839,1334,398
46671,32.9,30.40,1841,1334,398
46681,105.3,9.50,1843,1334,398
46689,123.5,8.10,1845,1334,398
46698,102.0,9.80,1847,1334,398
46708,104.2,9.60,1849,1334,398
46718,105.3,9.50,1851,1334,398
46748,33.0,30.30,1853,1334,398
46756,120.5,8.30,1855,1334,398
46766,103.1,9.70,1857,1334,398
46777,91.7,10.90,1859,1334,398
46786,108.7,9.20,1861,1334,398
46796,98.0,10.20,1863,1334,398
46819,43.1,23.20,1865,1334,398
46829,106.4,9.40,1867,1334,398
46840,89.3,11.20,1869,1334,398
46848,128.2,7.80,1871,1334,398
46857,108.7,9.20,1873,1334,398
46866,107.5,9.30,1875,1334,398
46876,103.1,9.70,1877,1334,398
46905,34.4,29.10,1879,1334,398
46914,106.4,9.40,1881,1334,398
46925,99.0,10.10,1883,1334,398
46934,108.7,9.20,1885,1334,398
46944,101.0,9.90,1887,1334,398
46952,113.6,8.80,1889,1334,398
46978,38.8,25.80,1891,1334,398
46988,103.1,9.70,1893,1334,398
46997,111.1,9.00,1895,1334,398
47006,105.3,9.50,1897,1334,398
47015,123.5,8.10,1899,1334,398
47024,108.7,9.20,1901,1334,398
47035,92.6,10.80,1903,1334,398
47060,39.8,25.10,1905,1334,398
47067,138.9,7.20,1907,1334,398
47082,65.4,15.30,1909,1334,398
47089,144.9,6.90,1911,1334,398
47096,147.1,6.80,1913,1334,398
47106,94.3,10.60,1915,1334,398
47136,33.3,30.00,1917,1334,398
47146,102.0,9.80,1919,1334,398
47153,138.9,7.20,1921,1334,398
47163,108.7,9.20,1923,1334,398
47172,108.7,9.20,1925,1334,398
47181,114.9,8.70,1927,1334,398
47209,35.6,28.10,1929,1334,398
47217,114.9,8.70,1931,1334,398
47224,140.8,7.10,1933,1334,398
47232,125.0,8.00,1935,1334,398
47240,140.8,7.10,1937,1334,398
47247,133.3,7.50,1939,1334,398
47254,137.0,7.30,1941,1334,398
47262,137.0,7.30,1943,1334,398
47296,29.1,34.40,1945,1334,398
47305,117.6,8.50,1947,1334,398
47312,137.0,7.30,1949,1334,398
47321,114.9,8.70,1951,1334,398
47328,126.6,7.90,1953,1334,398
47336,128.2,7.80,1955,1334,398
47361,40.2,24.90,1957,1334,398
47369,126.6,7.90,1959,1334,398
47376,138.9,7.20,1961,1334,398
47384,133.3,7.50,1963,1334,398
47391,129.9,7.70,1965,1334,398
47400,120.5,8.30,1967,1334,398
47407,140.8,7.10,1969,1334,398
47414,140.8,7.10,1971,1334,398
47435,48.3,20.70,1973,1334,398
47441,147.1,6.80,1975,1334,398
47449,138.9,7.20,1977,1334,398
47455,147.1,6.80,1979,1334,398
47462,142.9,7.00,1981,1334,398
47469,144.9,6.90,1983,1334,398
47476,142.9,7.00,1985,1334,398
47483,144.9,6.90,1987,1334,398
47490,142.9,7.00,1989,1334,398
47497,140.8,7.10,1991,1334,398
47504,140.8,7.10,1993,1334,398
47511,149.3,6.70,1995,1334,398
47518,138.9,7.20,1997,1334,398
47525,151.5,6.60,1999,1334,398
47532,144.9,6.90,2001,1334,398
47539,142.9,7.00,2003,1334,398
47548,113.6,8.80,2005,1334,398
47554,149.3,6.70,2007,1334,398
47561,140.8,7.10,2009,1334,398
47568,147.1,6.80,2011,1334,398
47575,140.8,7.10,2013,1334,398
47582,144.9,6.90,2015,1334,398
47589,144.9,6.90,2017,1334,398
47596,144.9,6.90,2019,1334,398
47603,140.8,7.10,2021,1334,398
47610,144.9,6.90,2023,1334,398
47617,147.1,6.80,2025,1334,398
47624,144.9,6.90,2027,1334,398
47631,142.9,7.00,2029,1334,398
47638,144.9,6.90,2031,1334,398
47645,142.9,7.00,2033,1334,398
47652,140.8,7.10,2035,1334,398
47658,149.3,6.70,2037,1334,398
47665,142.9,7.00,2039,1334,398
47672,149.3,6.70,2041,1334,398
47679,144.9,6.90,2043,1334,398
47686,142.9,7.00,2045,1334,398
47693,140.8,7.10,2047,1334,398
47700,149.3,6.70,2049,1334,398
47707,140.8,7.10,2051,1334,398
47714,142.9,7.00,2053,1334,398
47721,140.8,7.10,2055,1334,398
47728,142.9,7.00,2057,1334,398
47735,147.1,6.80,2059,1334,398
47742,144.9,6.90,2061,1334,398
47749,144.9,6.90,2063,1334,398
47756,140.8,7.10,2065,1334,398
47763,144.9,6.90,2067,1334,398
47769,147.1,6.80,2069,1334,398
47777,138.9,7.20,2071,1334,398
47783,147.1,6.80,2073,1334,398
47791,140.8,7.10,2075,1334,398
47797,144.9,6.90,2077,1334,398
47804,144.9,6.90,2079,1334,398
47811,144.9,6.90,2081,1334,398
47818,144.9,6.90,2083,1334,398
47825,147.1,6.80,2085,1334,398
47832,135.1,7.40,2087,1334,398
47839,149.3,6.70,2089,1334,398
47846,140.8,7.10,2091,1334,398
47853,147.1,6.80,2093,1334,398
47860,140.8,7.10,2095,1334,398
47867,149.3,6.70,2097,1334,398
47874,138.9,7.20,2099,1334,398
47881,149.3,6.70,2101,1334,398
47888,142.9,7.00,2103,1334,398
47895,142.9,7.00,2105,1334,398
47902,144.9,6.90,2107,1334,398
47909,140.8,7.10,2109,1334,398
47915,147.1,6.80,2111,1334,398
47922,142.9,7.00,2113,1334,398
47937,66.2,15.10,2115,1334,398
47943,178.6,5.60,2117,1334,398
47950,144.9,6.90,2119,1334,398
47957,147.1,6.80,2121,1334,398
47964,144.9,6.90,2123,1334,398
47971,142.9,7.00,2125,1334,398
47978,144.9,6.90,2127,1334,398
47985,140.8,7.10,2129,1334,398
47992,144.9,6.90,2131,1334,398
47998,144.9,6.90,2133,1334,398
48005,144.9,6.90,2135,1334,398
48012,142.9,7.00,2137,1334,398
48019,144.9,6.90,2139,1334,398
48026,144.9,6.90,2141,1334,398
48033,140.8,7.10,2143,1334,398
48040,147.1,6.80,2145,1334,398
48047,142.9,7.00,2147,1334,398
48054,144.9,6.90,2149,1334,398
48061,142.9,7.00,2151,1334,398
48068,142.9,7.00,2153,1334,398
48075,142.9,7.00,2155,1334,398
48082,147.1,6.80,2157,1334,398
48089,142.9,7.00,2159,1334,398
48096,144.9,6.90,2161,1334,398
48102,147.1,6.80,2163,1334,398
48109,144.9,6.90,2165,1334,398
48116,140.8,7.10,2167,1334,398
48123,142.9,7.00,2169,1334,398
48131,138.9,7.20,2171,1334,398
48138,138.9,7.20,2173,1334,398
48144,151.5,6.60,2175,1334,398
48152,140.8,7.10,2177,1334,398
48158,147.1,6.80,2179,1334,398
48165,147.1,6.80,2181,1334,398
48172,138.9,7.20,2183,1334,398
48179,149.3,6.70,2185,1334,398
48186,138.9,7.20,2187,1334,398
48193,149.3,6.70,2189,1334,398
48200,144.9,6.90,2191,1334,398
48207,140.8,7.10,2193,1334,398
48214,137.0,7.30,2195,1334,398
48221,151.5,6.60,2197,1334,398
48228,142.9,7.00,2199,1334,398
48235,135.1,7.40,2201,1334,398
48242,144.9,6.90,2203,1334,398
48249,144.9,6.90,2205,1334,398
48256,147.1,6.80,2207,1334,398
48263,149.3,6.70,2209,1334,398
48270,142.9,7.00,2211,1334,398
48277,142.9,7.00,2213,1334,398
48283,144.9,6.90,2215,1334,398
48290,149.3,6.70,2217,1334,398
48297,142.9,7.00,2219,1334,398
48304,147.1,6.80,2221,1334,398
48311,140.8,7.10,2223,1334,398
48318,142.9,7.00,2225,1334,398
48325,144.9,6.90,2227,1334,398
48332,147.1,6.80,2229,1334,398
48339,144.9,6.90,2231,1334,398
48346,137.0,7.30,2233,1334,398
48353,149.3,6.70,2235,1334,398
48360,140.8,7.10,2237,1334,398
48367,144.9,6.90,2239,1334,398
48374,144.9,6.90,2241,1334,398
48381,142.9,7.00,2243,1334,398
48387,144.9,6.90,2245,1334,398
48394,144.9,6.90,2247,1334,398
48401,142.9,7.00,2249,1334,398
48408,144.9,6.90,2251,1334,398
48415,142.9,7.00,2253,1334,398
48422,142.9,7.00,2255,1334,398
48429,147.1,6.80,2257,1334,398
48436,142.9,7.00,2259,1334,398
48443,142.9,7.00,2261,1334,398
48450,140.8,7.10,2263,1334,398
48457,149.3,6.70,2265,1334,398
48464,140.8,7.10,2267,1334,398
48471,144.9,6.90,2269,1334,398
48478,147.1,6.80,2271,1334,398
48485,140.8,7.10,2273,1334,398
48492,144.9,6.90,2275,1334,398
48498,147.1,6.80,2277,1334,398
48505,142.9,7.00,2279,1334,398
48512,142.9,7.00,2281,1334,398
48519,142.9,7.00,2283,1334,398
48526,144.9,6.90,2285,1334,398
48533,144.9,6.90,2287,1334,398
48540,142.9,7.00,2289,1334,398
48547,144.9,6.90,2291,1334,398
48554,140.8,7.10,2293,1334,398
48561,144.9,6.90,2295,1334,398
48568,144.9,6.90,2297,1334,398
48575,144.9,6.90,2299,1334,398
48582,144.9,6.90,2301,1334,398
48589,144.9,6.90,2303,1334,398
48596,142.9,7.00,2305,1334,398
48603,144.9,6.90,2307,1334,398
48610,142.9,7.00,2309,1334,398
48617,144.9,6.90,2311,1334,398
48623,147.1,6.80,2313,1334,398
48630,142.9,7.00,2315,1334,398
48637,142.9,7.00,2317,1334,398
48644,142.9,7.00,2319,1334,398
48651,144.9,6.90,2321,1334,398
48658,138.9,7.20,2323,1334,398
48665,147.1,6.80,2325,1334,398
48672,147.1,6.80,2327,1334,398
48679,138.9,7.20,2329,1334,398
48686,149.3,6.70,2331,1334,398
48693,144.9,6.90,2333,1334,398
48700,138.9,7.20,2335,1334,398
48707,147.1,6.80,2337,1334,398
48714,144.9,6.90,2339,1334,398
48721,142.9,7.00,2341,1334,398
48728,142.9,7.00,2343,1334,398
48735,144.9,6.90,2345,1334,398
48742,140.8,7.10,2347,1334,398
48749,147.1,6.80,2349,1334,398
48755,147.1,6.80,2351,1334,398
48763,133.3,7.50,2353,1334,398
48769,151.5,6.60,2355,1334,398
48776,144.9,6.90,2357,1334,398
48783,144.9,6.90,2359,1334,398
48790,144.9,6.90,2361,1334,398
48797,142.9,7.00,2363,1334,398
48804,142.9,7.00,2365,1334,398
48811,144.9,6.90,2367,1334,398
48818,144.9,6.90,2369,1334,398
48825,144.9,6.90,2371,1334,398
48832,142.9,7.00,2373,1334,398
48839,142.9,7.00,2375,1334,398
48846,144.9,6.90,2377,1334,398
48853,142.9,7.00,2379,1334,398
48860,144.9,6.90,2381,1334,398
48867,140.8,7.10,2383,1334,398
48874,147.1,6.80,2385,1334,398
48880,144.9,6.90,2387,1334,398
48887,142.9,7.00,2389,1334,398
48894,147.1,6.80,2391,1334,398
48901,142.9,7.00,2393,1334,398
48908,142.9,7.00,2395,1334,398
48915,144.9,6.90,2397,1334,398
48922,144.9,6.90,2399,1334,398
48929,142.9,7.00,2401,1334,398
48936,142.9,7.00,2403,1334,398
48943,147.1,6.80,2405,1334,398
48950,142.9,7.00,2407,1334,398
48957,142.9,7.00,2409,1334,398
48964,144.9,6.90,2411,1334,398
48971,133.3,7.50,2413,1334,398
48978,153.8,6.50,2415,1334,398
48985,147.1,6.80,2417,1334,398
48992,142.9,7.00,2419,1334,398
48998,144.9,6.90,2421,1334,398
49006,140.8,7.10,2423,1334,398
49012,147.1,6.80,2425,1334,398
49019,142.9,7.00,2427,1334,398
49026,147.1,6.80,2429,1334,398
49033,142.9,7.00,2431,1334,398
49040,144.9,6.90,2433,1334,398
49047,140.8,7.10,2435,1334,398
49054,142.9,7.00,2437,1334,398
49061,147.1,6.80,2439,1334,398
49068,144.9,6.90,2441,1334,398
49075,135.1,7.40,2443,1334,398
49082,151.5,6.60,2445,1334,398
49089,147.1,6.80,2447,1334,398
49096,140.8,7.10,2449,1334,398
49103,142.9,7.00,2451,1334,398
49110,144.9,6.90,2453,1334,398
49116,147.1,6.80,2455,1334,398
49124,140.8,7.10,2457,1334,398
49131,142.9,7.00,2459,1334,398
49137,144.9,6.90,2461,1334,398
49144,147.1,6.80,2463,1334,398
49151,140.8,7.10,2465,1334,398
49158,144.9,6.90,2467,1334,398
49165,142.9,7.00,2469,1334,398
49172,142.9,7.00,2471,1334,398
49179,140.8,7.10,2473,1334,398
49186,151.5,6.60,2475,1334,398
49193,140.8,7.10,2477,1334,398
49200,142.9,7.00,2479,1334,398
49207,147.1,6.80,2481,1334,398
49214,137.0,7.30,2483,1334,398
49221,149.3,6.70,2485,1334,398
49228,140.8,7.10,2487,1334,398
49235,144.9,6.90,2489,1334,398
49242,147.1,6.80,2491,1334,398
49249,144.9,6.90,2493,1334,398
49256,142.9,7.00,2495,1334,398
49263,142.9,7.00,2497,1334,398
49269,144.9,6.90,2499,1334,398
49276,149.3,6.70,2501,1334,398
49283,137.0,7.30,2503,1334,398
49290,149.3,6.70,2505,1334,398
49297,147.1,6.80,2507,1334,398
49304,142.9,7.00,2509,1334,398
49311,140.8,7.10,2511,1334,398
49318,144.9,6.90,2513,1334,398
49325,142.9,7.00,2515,1334,398
49332,147.1,6.80,2517,1334,398
49339,144.9,6.90,2519,1334,398
49346,142.9,7.00,2521,1334,398
49353,144.9,6.90,2523,1334,398
49360,140.8,7.10,2525,1334,398
49367,144.9,6.90,2527,1334,398
49374,142.9,7.00,2529,1334,398
49380,144.9,6.90,2531,1334,398
49388,138.9,7.20,2533,1334,398
49394,149.3,6.70,2535,1334,398
49401,147.1,6.80,2537,1334,398
49408,142.9,7.00,2539,1334,398
49415,140.8,7.10,2541,1334,398
49422,144.9,6.90,2543,1334,398
49429,142.9,7.00,2545,1334,398
49436,147.1,6.80,2547,1334,398
49443,142.9,7.00,2549,1334,398
49450,142.9,7.00,2551,1334,398
49457,144.9,6.90,2553,1334,398
49464,147.1,6.80,2555,1334,398
49471,140.8,7.10,2557,1334,398
49478,144.9,6.90,2559,1334,398
49485,147.1,6.80,2561,1334,398
49492,138.9,7.20,2563,1334,398
49498,151.5,6.60,2565,1334,398
49505,144.9,6.90,2567,1334,398
49512,142.9,7.00,2569,1334,398
49519,142.9,7.00,2571,1334,398
49526,144.9,6.90,2573,1334,398
49533,142.9,7.00,2575,1334,398
49540,144.9,6.90,2577,1334,398
49547,144.9,6.90,2579,1334,398
49554,142.9,7.00,2581,1334,398
49561,140.8,7.10,2583,1334,398
49568,147.1,6.80,2585,1334,398
49575,144.9,6.90,2587,1334,398
49582,142.9,7.00,2589,1334,398
49589,144.9,6.90,2591,1334,398
49596,138.9,7.20,2593,1334,398
49603,149.3,6.70,2595,1334,398
49610,144.9,6.90,2597,1334,398
49616,144.9,6.90,2599,1334,398
49623,144.9,6.90,2601,1334,398
49630,142.9,7.00,2603,1334,398
49637,142.9,7.00,2605,1334,398
49644,144.9,6.90,2607,1334,398
49651,142.9,7.00,2609,1334,398
49658,142.9,7.00,2611,1334,398
49665,142.9,7.00,2613,1334,398
49672,144.9,6.90,2615,1334,398
49679,144.9,6.90,2617,1334,398
49686,144.9,6.90,2619,1334,398
49693,144.9,6.90,2621,1334,398
49700,135.1,7.40,2623,1334,398
49707,149.3,6.70,2625,1334,398
49714,142.9,7.00,2627,1334,398
49721,144.9,6.90,2629,1334,398
49728,147.1,6.80,2631,1334,398
49735,140.8,7.10,2633,1334,398
49742,144.9,6.90,2635,1334,398
49749,142.9,7.00,2637,1334,398
49756,142.9,7.00,2639,1334,398
49762,147.1,6.80,2641,1334,398
49769,142.9,7.00,2643,1334,398
49776,149.3,6.70,2645,1334,398
49783,142.9,7.00,2647,1334,398
49790,142.9,7.00,2649,1334,398
49797,144.9,6.90,2651,1334,398
49804,140.8,7.10,2653,1334,398
49811,144.9,6.90,2655,1334,398
49818,144.9,6.90,2657,1334,398
49825,144.9,6.90,2659,1334,398
49832,144.9,6.90,2661,1334,398
49839,142.9,7.00,2663,1334,398
49846,142.9,7.00,2665,1334,398
49853,147.1,6.80,2667,1334,398
49860,142.9,7.00,2669,1334,398
49867,142.9,7.00,2671,1334,398
49874,142.9,7.00,2673,1334,398
49881,138.9,7.20,2675,1334,398
49888,147.1,6.80,2677,1334,398
49895,142.9,7.00,2679,1334,398
49902,142.9,7.00,2681,1334,398
49909,140.8,7.10,2683,1334,398
49915,147.1,6.80,2685,1334,398
49922,142.9,7.00,2687,1334,398
49929,142.9,7.00,2689,1334,398
49936,149.3,6.70,2691,1334,398
49943,142.9,7.00,2693,1334,398
49950,149.3,6.70,2695,1334,398
49957,138.9,7.20,2697,1334,398
49964,144.9,6.90,2699,1334,398
49971,144.9,6.90,2701,1334,398
49978,140.8,7.10,2703,1334,398
49985,147.1,6.80,2705,1334,398
49992,140.8,7.10,2707,1334,398
49999,144.9,6.90,2709,1334,398
50006,144.9,6.90,2711,1334,398
50013,140.8,7.10,2713,1334,398
50020,147.1,6.80,2715,1334,398
50027,142.9,7.00,2717,1334,398
50034,142.9,7.00,2719,1334,398
50040,144.9,6.90,2721,1334,398
50047,144.9,6.90,2723,1334,398
50054,144.9,6.90,2725,1334,398
50061,142.9,7.00,2727,1334,398
50068,144.9,6.90,2729,1334,398
50075,140.8,7.10,2731,1334,398
50082,151.5,6.60,2733,1334,398
50089,144.9,6.90,2735,1334,398
50096,138.9,7.20,2737,1334,398
50103,147.1,6.80,2739,1334,398
50110,147.1,6.80,2741,1334,398
50117,137.0,7.30,2743,1334,398
50123,151.5,6.60,2745,1334,398
50130,144.9,6.90,2747,1334,398
50138,138.9,7.20,2749,1334,398
50144,149.3,6.70,2751,1334,398
50151,142.9,7.00,2753,1334,398
50158,138.9,7.20,2755,1334,398
50165,144.9,6.90,2757,1334,398
50172,144.9,6.90,2759,1334,398
50179,140.8,7.10,2761,1334,398
50186,149.3,6.70,2763,1334,398
50193,142.9,7.00,2765,1334,398
50200,144.9,6.90,2767,1334,398
50207,140.8,7.10,2769,1334,398
50214,138.9,7.20,2771,1334,398
50221,140.8,7.10,2773,1334,398
50228,153.8,6.50,2775,1334,398
50235,144.9,6.90,2777,1334,398
50242,147.1,6.80,2779,1334,398
50248,144.9,6.90,2781,1334,398
50256,138.9,7.20,2783,1334,398
50262,149.3,6.70,2785,1334,398
50269,142.9,7.00,2787,1334,398
50276,142.9,7.00,2789,1334,398
50283,147.1,6.80,2791,1334,398
50290,142.9,7.00,2793,1334,398
50297,142.9,7.00,2795,1334,398
50304,144.9,6.90,2797,1334,398
50311,144.9,6.90,2799,1334,398
50318,142.9,7.00,2801,1334,398
50325,138.9,7.20,2803,1334,398
50332,149.3,6.70,2805,1334,398
50339,147.1,6.80,2807,1334,398
50346,142.9,7.00,2809,1334,398
50353,140.8,7.10,2811,1334,398
50360,147.1,6.80,2813,1334,398
50366,144.9,6.90,2815,1334,398
50373,142.9,7.00,2817,1334,398
50380,142.9,7.00,2819,1334,398
50387,144.9,6.90,2821,1334,398
50394,147.1,6.80,2823,1334,398
50401,144.9,6.90,2825,1334,398
50408,138.9,7.20,2827,1334,398
50415,138.9,7.20,2829,1334,398
50422,151.5,6.60,2831,1334,398
50429,137.0,7.30,2833,1334,398
50436,149.3,6.70,2835,1334,398
50443,147.1,6.80,2837,1334,398
50450,140.8,7.10,2839,1334,398
50457,142.9,7.00,2841,1334,398
50464,144.9,6.90,2843,1334,398
50471,147.1,6.80,2845,1334,398
50478,142.9,7.00,2847,1334,398
50484,147.1,6.80,2849,1334,398
50491,142.9,7.00,2851,1334,398
50498,142.9,7.00,2853,1334,398
50506,140.8,7.10,2855,1334,398
50512,147.1,6.80,2857,1334,398
50519,142.9,7.00,2859,1334,398
50526,142.9,7.00,2861,1334,398
50534,138.9,7.20,2863,1334,398
50540,149.3,6.70,2865,1334,398
50547,144.9,6.90,2867,1334,398
50554,138.9,7.20,2869,1334,398
50561,147.1,6.80,2871,1334,398
50568,144.9,6.90,2873,1334,398
50575,149.3,6.70,2875,1334,398
50582,140.8,7.10,2877,1334,398
50589,144.9,6.90,2879,1334,398
50596,147.1,6.80,2881,1334,398
50603,140.8,7.10,2883,1334,398
50610,142.9,7.00,2885,1334,398
50616,147.1,6.80,2887,1334,398
50623,142.9,7.00,2889,1334,398
50630,142.9,7.00,2891,1334,398
50637,142.9,7.00,2893,1334,398
50644,144.9,6.90,2895,1334,398
50651,144.9,6.90,2897,1334,398
50658,144.9,6.90,2899,1334,398
50665,140.8,7.10,2901,1334,398
50672,144.9,6.90,2903,1334,398
50679,144.9,6.90,2905,1334,398
50686,144.9,6.90,2907,1334,398
50693,144.9,6.90,2909,1334,398
50700,142.9,7.00,2911,1334,398
50707,142.9,7.00,2913,1334,398
50714,147.1,6.80,2915,1334,398
50721,138.9,7.20,2917,1334,398
50728,144.9,6.90,2919,1334,398
50735,147.1,6.80,2921,1334,398
50742,138.9,7.20,2923,1334,398
50748,149.3,6.70,2925,1334,398
50755,144.9,6.90,2927,1334,398
50762,142.9,7.00,2929,1334,398
50769,147.1,6.80,2931,1334,398
50776,140.8,7.10,2933,1334,398
50783,144.9,6.90,2935,1334,398
50790,144.9,6.90,2937,1334,398
50797,140.8,7.10,2939,1334,398
50804,144.9,6.90,2941,1334,398
50811,144.9,6.90,2943,1334,398
50818,144.9,6.90,2945,1334,398
50825,144.9,6.90,2947,1334,398
50832,142.9,7.00,2949,1334,398
50839,147.1,6.80,2951,1334,398
50846,138.9,7.20,2953,1334,398
50853,144.9,6.90,2955,1334,398
50860,147.1,6.80,2957,1334,398
50867,142.9,7.00,2959,1334,398
50873,144.9,6.90,2961,1334,398
50880,144.9,6.90,2963,1334,398
50888,138.9,7.20,2965,1334,398
50894,147.1,6.80,2967,1334,398
50901,147.1,6.80,2969,1334,398
50908,142.9,7.00,2971,1334,398
50915,142.9,7.00,2973,1334,398
50922,147.1,6.80,2975,1334,398
50929,142.9,7.00,2977,1334,398
50936,142.9,7.00,2979,1334,398
50943,140.8,7.10,2981,1334,398
50950,142.9,7.00,2983,1334,398
50957,144.9,6.90,2985,1334,398
50964,144.9,6.90,2987,1334,398
50971,144.9,6.90,2989,1334,398
50978,142.9,7.00,2991,1334,398
50985,147.1,6.80,2993,1334,398
50991,144.9,6.90,2995,1334,398
50998,142.9,7.00,2997,1334,398
51005,144.9,6.90,2999,1334,398
51012,142.9,7.00,3001,1334,398
51019,144.9,6.90,3003,1334,398
51026,144.9,6.90,3005,1334,398
51033,144.9,6.90,3007,1334,398
51040,142.9,7.00,3009,1334,398
51047,142.9,7.00,3011,1334,398
51054,142.9,7.00,3013,1334,398
51061,144.9,6.90,3015,1334,398
51068,144.9,6.90,3017,1334,398
51075,144.9,6.90,3019,1334,398
51082,140.8,7.10,3021,1334,398
51089,144.9,6.90,3023,1334,398
51096,144.9,6.90,3025,1334,398
51103,142.9,7.00,3027,1334,398
51110,144.9,6.90,3029,1334,398
51117,142.9,7.00,3031,1334,398
51123,147.1,6.80,3033,1334,398
51130,142.9,7.00,3035,1334,398
51137,142.9,7.00,3037,1334,398
51144,142.9,7.00,3039,1334,398
51151,142.9,7.00,3041,1334,398
51159,137.0,7.30,3043,1334,398
51165,151.5,6.60,3045,1334,398
51172,147.1,6.80,3047,1334,398
51179,142.9,7.00,3049,1334,398
51186,147.1,6.80,3051,1334,398
51193,144.9,6.90,3053,1334,398
51200,140.8,7.10,3055,1334,398
51207,144.9,6.90,3057,1334,398
51214,137.0,7.30,3059,1334,398
51221,147.1,6.80,3061,1334,398
51228,144.9,6.90,3063,1334,398
51235,142.9,7.00,3065,1334,398
51242,144.9,6.90,3067,1334,398
51249,142.9,7.00,3069,1334,398
51256,142.9,7.00,3071,1334,398
51263,142.9,7.00,3073,1334,398
51269,149.3,6.70,3075,1334,398
51276,147.1,6.80,3077,1334,398
51283,138.9,7.20,3079,1334,398
51290,149.3,6.70,3081,1334,398
51297,142.9,7.00,3083,1334,398
51304,142.9,7.00,3085,1334,398
51311,142.9,7.00,3087,1334,398
51318,147.1,6.80,3089,1334,398
51325,144.9,6.90,3091,1334,398
51332,144.9,6.90,3093,1334,398
51339,142.9,7.00,3095,1334,398
51346,142.9,7.00,3097,1334,398
51352,147.1,6.80,3099,1334,398
51359,142.9,7.00,3101,1334,398
51367,137.0,7.30,3103,1334,398
51373,149.3,6.70,3105,1334,398
51380,142.9,7.00,3107,1334,398
51387,147.1,6.80,3109,1334,398
51394,142.9,7.00,3111,1334,398
51401,140.8,7.10,3113,1334,398
51408,144.9,6.90,3115,1334,398
51415,144.9,6.90,3117,1334,398
51422,144.9,6.90,3119,1334,398
51429,138.9,7.20,3121,1334,398
51436,144.9,6.90,3123,1334,398
51443,144.9,6.90,3125,1334,398
51450,147.1,6.80,3127,1334,398
51457,140.8,7.10,3129,1334,398
51464,138.9,7.20,3131,1334,398
51471,142.9,7.00,3133,1334,398
51478,153.8,6.50,3135,1334,398
51485,142.9,7.00,3137,1334,398
51492,142.9,7.00,3139,1334,398
51498,149.3,6.70,3141,1334,398
51506,138.9,7.20,3143,1334,398
51512,144.9,6.90,3145,1334,398
51519,142.9,7.00,3147,1334,398
51526,142.9,7.00,3149,1334,398
51533,144.9,6.90,3151,1334,398
51540,149.3,6.70,3153,1334,398
51547,142.9,7.00,3155,1334,398
51554,144.9,6.90,3157,1334,398
51561,138.9,7.20,3159,1334,398
51568,144.9,6.90,3161,1334,398
51575,147.1,6.80,3163,1334,398
51582,144.9,6.90,3165,1334,398
51589,142.9,7.00,3167,1334,398
51596,142.9,7.00,3169,1334,398
51603,144.9,6.90,3171,1334,398
51610,142.9,7.00,3173,1334,398
51616,147.1,6.80,3175,1334,398
51623,142.9,7.00,3177,1334,398
51630,147.1,6.80,3179,1334,398
51637,140.8,7.10,3181,1334,398
51644,144.9,6.90,3183,1334,398
51651,142.9,7.00,3185,1334,398
51658,144.9,6.90,3187,1334,398
51665,142.9,7.00,3189,1334,398
51672,144.9,6.90,3191,1334,398
51679,138.9,7.20,3193,1334,398
51686,147.1,6.80,3195,1334,398
51693,144.9,6.90,3197,1334,398
51700,142.9,7.00,3199,1334,398
51707,144.9,6.90,3201,1334,398
51714,144.9,6.90,3203,1334,398
51721,142.9,7.00,3205,1334,398
51728,142.9,7.00,3207,1334,398
51735,147.1,6.80,3209,1334,398
51742,142.9,7.00,3211,1334,398
51749,142.9,7.00,3213,1334,398
51756,142.9,7.00,3215,1334,398
51762,147.1,6.80,3217,1334,398
51770,133.3,7.50,3219,1334,398
51777,144.9,6.90,3221,1334,398
51784,142.9,7.00,3223,1334,398
51791,147.1,6.80,3225,1334,398
51798,142.9,7.00,3227,1334,398
51804,144.9,6.90,3229,1334,398
51811,153.8,6.50,3231,1334,398
51818,140.8,7.10,3233,1334,398
51825,147.1,6.80,3235,1334,398
51832,144.9,6.90,3237,1334,398
51839,142.9,7.00,3239,1334,398
51846,144.9,6.90,3241,1334,398
51853,144.9,6.90,3243,1334,398
51860,142.9,7.00,3245,1334,398
51866,144.9,6.90,3247,1334,398
51873,142.9,7.00,3249,1334,398
51880,144.9,6.90,3251,1334,398
51887,140.8,7.10,3253,1334,398
51894,144.9,6.90,3255,1334,398
51901,144.9,6.90,3257,1334,398
51908,144.9,6.90,3259,1334,398
51915,142.9,7.00,3261,1334,398
51922,144.9,6.90,3263,1334,398
51929,142.9,7.00,3265,1334,398
51936,142.9,7.00,3267,1334,398
51943,147.1,6.80,3269,1334,398
51950,135.1,7.40,3271,1334,398
51957,144.9,6.90,3273,1334,398
51964,144.9,6.90,3275,1334,398
51971,149.3,6.70,3277,1334,398
51978,147.1,6.80,3279,1334,398
51984,144.9,6.90,3281,1334,398
51992,135.1,7.40,3283,1334,398
51998,153.8,6.50,3285,1334,398
52005,140.8,7.10,3287,1334,398
52012,147.1,6.80,3289,1334,398
52019,144.9,6.90,3291,1334,398
52026,142.9,7.00,3293,1334,398
52033,142.9,7.00,3295,1334,398
52040,144.9,6.90,3297,1334,398
52047,140.8,7.10,3299,1334,398
52054,147.1,6.80,3301,1334,398
52061,142.9,7.00,3303,1334,398
52068,144.9,6.90,3305,1334,398
52075,142.9,7.00,3307,1334,398
52082,144.9,6.90,3309,1334,398
52089,142.9,7.00,3311,1334,398
52096,140.8,7.10,3313,1334,398
52103,147.1,6.80,3315,1334,398
52109,147.1,6.80,3317,1334,398
52116,142.9,7.00,3319,1334,398
52124,140.8,7.10,3321,1334,398
52130,147.1,6.80,3323,1334,398
52137,144.9,6.90,3325,1334,398
52144,142.9,7.00,3327,1334,398
52151,144.9,6.90,3329,1334,398
52158,144.9,6.90,3331,1334,398
52165,138.9,7.20,3333,1334,398
52172,144.9,6.90,3335,1334,398
52179,144.9,6.90,3337,1334,398
52186,147.1,6.80,3339,1334,398
52193,142.9,7.00,3341,1334,398
52200,142.9,7.00,3343,1334,398
52207,144.9,6.90,3345,1334,398
52214,133.3,7.50,3347,1334,398
52221,158.7,6.30,3349,1334,398
52228,137.0,7.30,3351,1334,398
52235,142.9,7.00,3353,1334,398
52242,151.5,6.60,3355,1334,398
52249,142.9,7.00,3357,1334,398
52256,142.9,7.00,3359,1334,398
52262,149.3,6.70,3361,1334,398
52269,142.9,7.00,3363,1334,398
52276,147.1,6.80,3365,1334,398
52283,140.8,7.10,3367,1334,398
52290,144.9,6.90,3369,1334,398
52297,144.9,6.90,3371,1334,398
52321,41.8,23.90,3373,1334,398
52325,243.9,4.10,3375,1334,398
52330,188.7,5.30,3377,1334,398
52337,144.9,6.90,3379,1334,398
52344,144.9,6.90,3381,1334,398
52351,140.8,7.10,3383,1334,398
52358,147.1,6.80,3385,1334,398
52365,144.9,6.90,3387,1334,398
52372,142.9,7.00,3389,1334,398
52379,142.9,7.00,3391,1334,398
52386,142.9,7.00,3393,1334,398
52393,144.9,6.90,3395,1334,398
52400,142.9,7.00,3397,1334,398
52407,144.9,6.90,3399,1334,398
52414,144.9,6.90,3401,1334,398
52421,142.9,7.00,3403,1334,398
52427,147.1,6.80,3405,1334,398
52435,140.8,7.10,3407,1334,398
52441,147.1,6.80,3409,1334,398
52448,142.9,7.00,3411,1334,398
52455,140.8,7.10,3413,1334,398
52462,144.9,6.90,3415,1334,398
52469,144.9,6.90,3417,1334,398
52476,142.9,7.00,3419,1334,398
52483,144.9,6.90,3421,1334,398
52490,142.9,7.00,3423,1334,398
52497,144.9,6.90,3425,1334,398
52504,144.9,6.90,3427,1334,398
52511,142.9,7.00,3429,1334,398
52518,144.9,6.90,3431,1334,398
52525,142.9,7.00,3433,1334,398
52532,144.9,6.90,3435,1334,398
52539,142.9,7.00,3437,1334,398
52546,147.1,6.80,3439,1334,398
52552,144.9,6.90,3441,1334,398
52559,144.9,6.90,3443,1334,398
52567,138.9,7.20,3445,1334,398
52573,149.3,6.70,3447,1334,398
52580,142.9,7.00,3449,1334,398
52587,147.1,6.80,3451,1334,398
52594,140.8,7.10,3453,1334,398
52601,144.9,6.90,3455,1334,398
52608,144.9,6.90,3457,1334,398
52615,144.9,6.90,3459,1334,398
52622,140.8,7.10,3461,1334,398
52629,144.9,6.90,3463,1334,398
52636,142.9,7.00,3465,1334,398
52643,142.9,7.00,3467,1334,398
52650,142.9,7.00,3469,1334,398
52657,142.9,7.00,3471,1334,398
52664,147.1,6.80,3473,1334,398
52671,142.9,7.00,3475,1334,398
52678,142.9,7.00,3477,1334,398
52685,142.9,7.00,3479,1334,398
52692,144.9,6.90,3481,1334,398
52699,142.9,7.00,3483,1334,398
52705,147.1,6.80,3485,1334,398
52712,142.9,7.00,3487,1334,398
52719,142.9,7.00,3489,1334,398
52726,144.9,6.90,3491,1334,398
52733,144.9,6.90,3493,1334,398
52740,144.9,6.90,3495,1334,398
52747,140.8,7.10,3497,1334,398
52754,144.9,6.90,3499,1334,398
52761,144.9,6.90,3501,1334,398
52768,144.9,6.90,3503,1334,398
52775,142.9,7.00,3505,1334,398
52782,144.9,6.90,3507,1334,398
52789,142.9,7.00,3509,1334,398
52796,144.9,6.90,3511,1334,398
52803,144.9,6.90,3513,1334,398
52810,142.9,7.00,3515,1334,398
52816,144.9,6.90,3517,1334,398
52823,142.9,7.00,3519,1334,398
52830,144.9,6.90,3521,1334,398
52837,142.9,7.00,3523,1334,398
52844,144.9,6.90,3525,1334,398
52851,142.9,7.00,3527,1334,398
52858,144.9,6.90,3529,1334,398
52865,142.9,7.00,3531,1334,398
52872,147.1,6.80,3533,1334,398
52879,142.9,7.00,3535,1334,398
52886,142.9,7.00,3537,1334,398
52893,144.9,6.90,3539,1334,398
52900,144.9,6.90,3541,1334,398
52907,142.9,7.00,3543,1334,398
52914,144.9,6.90,3545,1334,398
52921,144.9,6.90,3547,1334,398
52928,142.9,7.00,3549,1334,398
52934,144.9,6.90,3551,1334,398
52941,142.9,7.00,3553,1334,398
52948,144.9,6.90,3555,1334,398
52955,142.9,7.00,3557,1334,398
52962,142.9,7.00,3559,1334,398
52969,147.1,6.80,3561,1334,398
52976,140.8,7.10,3563,1334,398
52983,144.9,6.90,3565,1334,398
52990,144.9,6.90,3567,1334,398
52997,144.9,6.90,3569,1334,398
53004,142.9,7.00,3571,1334,398
53011,144.9,6.90,3573,1334,398
53018,142.9,7.00,3575,1334,398
53025,144.9,6.90,3577,1334,398
53032,144.9,6.90,3579,1334,398
53039,142.9,7.00,3581,1334,398
53046,144.9,6.90,3583,1334,398
53052,144.9,6.90,3585,1334,398
53059,142.9,7.00,3587,1334,398
53066,142.9,7.00,3589,1334,398
53073,147.1,6.80,3591,1334,398
53080,142.9,7.00,3593,1334,398
53087,142.9,7.00,3595,1334,398
53094,142.9,7.00,3597,1334,398
53101,144.9,6.90,3599,1334,398
53109,135.1,7.40,3601,1334,398
53115,147.1,6.80,3603,1334,398
53122,142.9,7.00,3605,1334,398
53129,144.9,6.90,3607,1334,398
53136,142.9,7.00,3609,1334,398
53143,144.9,6.90,3611,1334,398
53150,151.5,6.60,3613,1334,398
53157,142.9,7.00,3615,1334,398
53164,142.9,7.00,3617,1334,398
53171,142.9,7.00,3619,1334,398
53178,147.1,6.80,3621,1334,398
53184,144.9,6.90,3623,1334,398
53192,140.8,7.10,3625,1334,398
53198,147.1,6.80,3627,1334,398
53205,144.9,6.90,3629,1334,398
53212,144.9,6.90,3631,1334,398
53219,142.9,7.00,3633,1334,398
53226,144.9,6.90,3635,1334,398
53233,142.9,7.00,3637,1334,398
53240,140.8,7.10,3639,1334,398
53247,147.1,6.80,3641,1334,398
53254,144.9,6.90,3643,1334,398
53261,142.9,7.00,3645,1334,398
53268,144.9,6.90,3647,1334,398
53275,140.8,7.10,3649,1334,398
53282,149.3,6.70,3651,1334,398
53289,140.8,7.10,3653,1334,398
53296,144.9,6.90,3655,1334,398
53302,144.9,6.90,3657,1334,398
53309,144.9,6.90,3659,1334,398
53316,142.9,7.00,3661,1334,398
53323,147.1,6.80,3663,1334,398
53330,142.9,7.00,3665,1334,398
53337,140.8,7.10,3667,1334,398
53344,144.9,6.90,3669,1334,398
53351,142.9,7.00,3671,1334,398
53358,144.9,6.90,3673,1334,398
53365,142.9,7.00,3675,1334,398
53372,142.9,7.00,3677,1334,398
53379,144.9,6.90,3679,1334,398
53386,142.9,7.00,3681,1334,398
53393,144.9,6.90,3683,1334,398
53400,142.9,7.00,3685,1334,398
53407,147.1,6.80,3687,1334,398
53414,142.9,7.00,3689,1334,398
53421,142.9,7.00,3691,1334,398
53428,144.9,6.90,3693,1334,398
53434,144.9,6.90,3695,1334,398
53441,142.9,7.00,3697,1334,398
53448,144.9,6.90,3699,1334,398
53455,142.9,7.00,3701,1334,398
53462,144.9,6.90,3703,1334,398
53469,142.9,7.00,3705,1334,398
53476,144.9,6.90,3707,1334,398
53483,142.9,7.00,3709,1334,398
53490,144.9,6.90,3711,1334,398
53497,144.9,6.90,3713,1334,398
53504,142.9,7.00,3715,1334,398
53511,144.9,6.90,3717,1334,398
53518,142.9,7.00,3719,1334,398
53525,144.9,6.90,3721,1334,398
53532,142.9,7.00,3723,1334,398
53539,144.9,6.90,3725,1334,398
53546,144.9,6.90,3727,1334,398
53553,142.9,7.00,3729,1334,398
53560,142.9,7.00,3731,1334,398
53566,147.1,6.80,3733,1334,398
53573,144.9,6.90,3735,1334,398
53580,142.9,7.00,3737,1334,398
53587,142.9,7.00,3739,1334,398
53594,142.9,7.00,3741,1334,398
53601,144.9,6.90,3743,1334,398
53608,142.9,7.00,3745,1334,398
53615,144.9,6.90,3747,1334,398
53622,142.9,7.00,3749,1334,398
53629,144.9,6.90,3751,1334,398
53636,144.9,6.90,3753,1334,398
53643,142.9,7.00,3755,1334,398
53650,142.9,7.00,3757,1334,398
53657,137.0,7.30,3759,1334,398
53664,149.3,6.70,3761,1334,398
53671,144.9,6.90,3763,1334,398
53678,144.9,6.90,3765,1334,398
53685,144.9,6.90,3767,1334,398
53691,144.9,6.90,3769,1334,398
53698,144.9,6.90,3771,1334,398
53705,142.9,7.00,3773,1334,398
53712,144.9,6.90,3775,1334,398
53719,142.9,7.00,3777,1334,398
53726,144.9,6.90,3779,1334,398
53733,144.9,6.90,3781,1334,398
53740,142.9,7.00,3783,1334,398
53747,144.9,6.90,3785,1334,398
53754,142.9,7.00,3787,1334,398
53761,142.9,7.00,3789,1334,398
53768,144.9,6.90,3791,1334,398
53775,144.9,6.90,3793,1334,398
53782,142.9,7.00,3795,1334,398
53789,147.1,6.80,3797,1334,398
53796,140.8,7.10,3799,1334,398
53803,144.9,6.90,3801,1334,398
53810,142.9,7.00,3803,1334,398
53816,144.9,6.90,3805,1334,398
53823,144.9,6.90,3807,1334,398
53830,142.9,7.00,3809,1334,398
53837,144.9,6.90,3811,1334,398
53844,142.9,7.00,3813,1334,398
53851,144.9,6.90,3815,1334,398
53858,144.9,6.90,3817,1334,398
53865,142.9,7.00,3819,1334,398
53872,144.9,6.90,3821,1334,398
53879,142.9,7.00,3823,1334,398
53886,144.9,6.90,3825,1334,398
53893,144.9,6.90,3827,1334,398
53900,142.9,7.00,3829,1334,398
53907,142.9,7.00,3831,1334,398
53914,144.9,6.90,3833,1334,398
53920,147.1,6.80,3835,1334,398
53927,142.9,7.00,3837,1334,398
53934,142.9,7.00,3839,1334,398
53941,142.9,7.00,3841,1334,398
53948,144.9,6.90,3843,1334,398
53955,144.9,6.90,3845,1334,398
53962,142.9,7.00,3847,1334,398
53969,144.9,6.90,3849,1334,398
53976,142.9,7.00,3851,1334,398
53983,144.9,6.90,3853,1334,398
53990,142.9,7.00,3855,1334,398
53997,144.9,6.90,3857,1334,398
54004,142.9,7.00,3859,1334,398
54011,144.9,6.90,3861,1334,398
54018,142.9,7.00,3863,1334,398
54025,142.9,7.00,3865,1334,398
54032,144.9,6.90,3867,1334,398
54039,144.9,6.90,3869,1334,398
54046,144.9,6.90,3871,1334,398
54053,144.9,6.90,3873,1334,398
54060,142.9,7.00,3875,1334,398
54066,144.9,6.90,3877,1334,398
54073,144.9,6.90,3879,1334,398
54080,144.9,6.90,3881,1334,398
54087,144.9,6.90,3883,1334,398
54094,144.9,6.90,3885,1334,398
54101,140.8,7.10,3887,1334,398
54108,142.9,7.00,3889,1334,398
54115,144.9,6.90,3891,1334,398
54122,144.9,6.90,3893,1334,398
54129,142.9,7.00,3895,1334,398
54136,144.9,6.90,3897,1334,398
54143,144.9,6.90,3899,1334,398
54150,142.9,7.00,3901,1334,398
54157,144.9,6.90,3903,1334,398
54164,142.9,7.00,3905,1334,398
54171,142.9,7.00,3907,1334,398
54178,144.9,6.90,3909,1334,398
54184,144.9,6.90,3911,1334,398
54191,142.9,7.00,3913,1334,398
54198,144.9,6.90,3915,1334,398
54205,142.9,7.00,3917,1334,398
54212,144.9,6.90,3919,1334,398
54219,142.9,7.00,3921,1334,398
54226,144.9,6.90,3923,1334,398
54233,144.9,6.90,3925,1334,398
54240,144.9,6.90,3927,1334,398
54247,142.9,7.00,3929,1334,398
54254,144.9,6.90,3931,1334,398
54261,142.9,7.00,3933,1334,398
54268,144.9,6.90,3935,1334,398
54275,144.9,6.90,3937,1334,398
54282,142.9,7.00,3939,1334,398
54289,140.8,7.10,3941,1334,398
54296,144.9,6.90,3943,1334,398
54303,144.9,6.90,3945,1334,398
54309,144.9,6.90,3947,1334,398
54316,142.9,7.00,3949,1334,398
54323,147.1,6.80,3951,1334,398
54330,140.8,7.10,3953,1334,398
54337,144.9,6.90,3955,1334,398
54344,142.9,7.00,3957,1334,398
54351,144.9,6.90,3959,1334,398
54358,142.9,7.00,3961,1334,398
54365,147.1,6.80,3963,1334,398
54372,142.9,7.00,3965,1334,398
54379,142.9,7.00,3967,1334,398
54386,144.9,6.90,3969,1334,398
54393,142.9,7.00,3971,1334,398
54400,144.9,6.90,3973,1334,398
54407,144.9,6.90,3975,1334,398
54414,142.9,7.00,3977,1334,398
54421,144.9,6.90,3979,1334,398
54428,142.9,7.00,3981,1334,398
54434,144.9,6.90,3983,1334,398
54441,142.9,7.00,3985,1334,398
54448,144.9,6.90,3987,1334,398
54455,144.9,6.90,3989,1334,398
54462,142.9,7.00,3991,1334,398
54469,144.9,6.90,3993,1334,398
54476,144.9,6.90,3995,1334,398
54483,142.9,7.00,3997,1334,398
54490,144.9,6.90,3999,1334,398
54497,142.9,7.00,4001,1334,398
54504,142.9,7.00,4003,1334,398
54511,144.9,6.90,4005,1334,398
54518,142.9,7.00,4007,1334,398
54525,144.9,6.90,4009,1334,398
54532,144.9,6.90,4011,1334,398
54539,144.9,6.90,4013,1334,398
54546,142.9,7.00,4015,1334,398
54553,142.9,7.00,4017,1334,398
54559,144.9,6.90,4019,1334,398
54566,144.9,6.90,4021,1334,398
54573,142.9,7.00,4023,1334,398
54580,142.9,7.00,4025,1334,398
54587,144.9,6.90,4027,1334,398
54594,144.9,6.90,4029,1334,398
54601,142.9,7.00,4031,1334,398
54608,142.9,7.00,4033,1334,398
54615,144.9,6.90,4035,1334,398
54622,142.9,7.00,4037,1334,398
54629,144.9,6.90,4039,1334,398
54636,142.9,7.00,4041,1334,398
54643,144.9,6.90,4043,1334,398
54650,144.9,6.90,4045,1334,398
54657,142.9,7.00,4047,1334,398
54664,142.9,7.00,4049,1334,398
54671,144.9,6.90,4051,1334,398
54678,144.9,6.90,4053,1334,398
54684,144.9,6.90,4055,1334,398
54691,142.9,7.00,4057,1334,398
54698,144.9,6.90,4059,1334,398
54705,144.9,6.90,4061,1334,398
54712,142.9,7.00,4063,1334,398
54719,144.9,6.90,4065,1334,398
54726,142.9,7.00,4067,1334,398
54733,142.9,7.00,4069,1334,398
54740,144.9,6.90,4071,1334,398
54747,142.9,7.00,4073,1334,398
54754,147.1,6.80,4075,1334,398
54761,142.9,7.00,4077,1334,398
54768,144.9,6.90,4079,1334,398
54775,142.9,7.00,4081,1334,398
54782,142.9,7.00,4083,1334,398
54789,147.1,6.80,4085,1334,398
54795,144.9,6.90,4087,1334,398
54802,142.9,7.00,4089,1334,398
54809,144.9,6.90,4091,1334,398
54816,140.8,7.10,4093,1334,398
54823,142.9,7.00,4095,1334,398
54830,144.9,6.90,4097,1334,398
54837,144.9,6.90,4099,1334,398
54844,142.9,7.00,4101,1334,398
54851,144.9,6.90,4103,1334,398
54858,142.9,7.00,4105,1334,398
54865,144.9,6.90,4107,1334,398
54872,144.9,6.90,4109,1334,398
54879,140.8,7.10,4111,1334,398
54886,147.1,6.80,4113,1334,398
54893,144.9,6.90,4115,1334,398
54900,144.9,6.90,4117,1334,398
54907,142.9,7.00,4119,1334,398
54914,144.9,6.90,4121,1334,398
54920,144.9,6.90,4123,1334,398
54927,142.9,7.00,4125,1334,398
54935,138.9,7.20,4127,1334,398
54941,147.1,6.80,4129,1334,398
54948,144.9,6.90,4131,1334,398
54955,142.9,7.00,4133,1334,398
54962,144.9,6.90,4135,1334,398
54969,142.9,7.00,4137,1334,398
54976,144.9,6.90,4139,1334,398
54983,144.9,6.90,4141,1334,398
54990,142.9,7.00,4143,1334,398
54997,142.9,7.00,4145,1334,398
55004,144.9,6.90,4147,1334,398
55011,142.9,7.00,4149,1334,398
55018,147.1,6.80,4151,1334,398
55025,144.9,6.90,4153,1334,398
55032,140.8,7.10,4155,1334,398
55039,147.1,6.80,4157,1334,398
55046,144.9,6.90,4159,1334,398
55053,142.9,7.00,4161,1334,398
55059,144.9,6.90,4163,1334,398
55066,144.9,6.90,4165,1334,398
55074,138.9,7.20,4167,1334,398
55080,147.1,6.80,4169,1334,398
55087,144.9,6.90,4171,1334,398
55094,144.9,6.90,4173,1334,398
55101,142.9,7.00,4175,1334,398
55108,144.9,6.90,4177,1334,398
55115,142.9,7.00,4179,1334,398
55122,142.9,7.00,4181,1334,398
55129,142.9,7.00,4183,1334,398
55136,144.9,6.90,4185,1334,398
55143,147.1,6.80,4187,1334,398
55150,142.9,7.00,4189,1334,398
55157,142.9,7.00,4191,1334,398
55164,137.0,7.30,4193,1334,398
55171,153.8,6.50,4195,1334,398
55178,142.9,7.00,4197,1334,398
55185,142.9,7.00,4199,1334,398
55191,144.9,6.90,4201,1334,398
55198,144.9,6.90,4203,1334,398
55205,142.9,7.00,4205,1334,398
55212,144.9,6.90,4207,1334,398
55219,142.9,7.00,4209,1334,398
55226,147.1,6.80,4211,1334,398
55233,142.9,7.00,4213,1334,398
55240,144.9,6.90,4215,1334,398
55247,142.9,7.00,4217,1334,398
55254,147.1,6.80,4219,1334,398
55261,142.9,7.00,4221,1334,398
55268,140.8,7.10,4223,1334,398
55275,142.9,7.00,4225,1334,398
55282,147.1,6.80,4227,1334,398
55289,144.9,6.90,4229,1334,398
55296,142.9,7.00,4231,1334,398
55303,142.9,7.00,4233,1334,398
55309,144.9,6.90,4235,1334,398
55316,142.9,7.00,4237,1334,398
55323,144.9,6.90,4239,1334,398
55330,144.9,6.90,4241,1334,398
55337,142.9,7.00,4243,1334,398
55344,144.9,6.90,4245,1334,398
55351,144.9,6.90,4247,1334,398
55358,144.9,6.90,4249,1334,398
55365,138.9,7.20,4251,1334,398
55372,147.1,6.80,4253,1334,398
55379,142.9,7.00,4255,1334,398
55386,144.9,6.90,4257,1334,398
55393,144.9,6.90,4259,1334,398
55400,144.9,6.90,4261,1334,398
55407,142.9,7.00,4263,1334,398
55414,142.9,7.00,4265,1334,398
55421,144.9,6.90,4267,1334,398
55428,142.9,7.00,4269,1334,398
55434,144.9,6.90,4271,1334,398
55441,142.9,7.00,4273,1334,398
55448,144.9,6.90,4275,1334,398
55455,144.9,6.90,4277,1334,398
55462,144.9,6.90,4279,1334,398
55469,142.9,7.00,4281,1334,398
55476,142.9,7.00,4283,1334,398
55483,144.9,6.90,4285,1334,398
55490,144.9,6.90,4287,1334,398
55497,142.9,7.00,4289,1334,398
55504,142.9,7.00,4291,1334,398
55511,144.9,6.90,4293,1334,398
55518,144.9,6.90,4295,1334,398
55525,142.9,7.00,4297,1334,398
55532,144.9,6.90,4299,1334,398
55539,144.9,6.90,4301,1334,398
55546,142.9,7.00,4303,1334,398
55553,142.9,7.00,4305,1334,398
55560,142.9,7.00,4307,1334,398
55566,144.9,6.90,4309,1334,398
55573,144.9,6.90,4311,1334,398
55580,144.9,6.90,4313,1334,398
55587,142.9,7.00,4315,1334,398
55594,147.1,6.80,4317,1334,398
55601,142.9,7.00,4319,1334,398
55608,140.8,7.10,4321,1334,398
55615,144.9,6.90,4323,1334,398
55622,142.9,7.00,4325,1334,398
55629,147.1,6.80,4327,1334,398
55636,142.9,7.00,4329,1334,398
55643,144.9,6.90,4331,1334,398
55650,142.9,7.00,4333,1334,398
55657,142.9,7.00,4335,1334,398
55664,144.9,6.90,4337,1334,398
55671,144.9,6.90,4339,1334,398
55678,142.9,7.00,4341,1334,398
55684,147.1,6.80,4343,1334,398
55691,142.9,7.00,4345,1334,398
55698,144.9,6.90,4347,1334,398
55705,142.9,7.00,4349,1334,398
55712,142.9,7.00,4351,1334,398
55719,144.9,6.90,4353,1334,398
55726,142.9,7.00,4355,1334,398
55733,142.9,7.00,4357,1334,398
55740,147.1,6.80,4359,1334,398
55747,144.9,6.90,4361,1334,398
55754,142.9,7.00,4363,1334,398
55761,144.9,6.90,4365,1334,398
55768,144.9,6.90,4367,1334,398
55775,142.9,7.00,4369,1334,398
55782,142.9,7.00,4371,1334,398
55789,144.9,6.90,4373,1334,398
55796,142.9,7.00,4375,1334,398
55803,142.9,7.00,4377,1334,398
55809,144.9,6.90,4379,1334,398
55816,144.9,6.90,4381,1334,398
55823,144.9,6.90,4383,1334,398
55830,142.9,7.00,4385,1334,398
55837,144.9,6.90,4387,1334,398
55844,144.9,6.90,4389,1334,398
55851,142.9,7.00,4391,1334,398
55858,144.9,6.90,4393,1334,398
55865,142.9,7.00,4395,1334,398
55872,144.9,6.90,4397,1334,398
55879,142.9,7.00,4399,1334,398
55886,142.9,7.00,4401,1334,398
55893,144.9,6.90,4403,1334,398
55900,142.9,7.00,4405,1334,398
55907,144.9,6.90,4407,1334,398
55914,144.9,6.90,4409,1334,398
55920,144.9,6.90,4411,1334,398
55927,142.9,7.00,4413,1334,398
55934,144.9,6.90,4415,1334,398
55941,142.9,7.00,4417,1334,398
55948,142.9,7.00,4419,1334,398
55955,144.9,6.90,4421,1334,398
55962,142.9,7.00,4423,1334,398
55969,144.9,6.90,4425,1334,398
55976,142.9,7.00,4427,1334,398
55983,144.9,6.90,4429,1334,398
55990,144.9,6.90,4431,1334,398
56012,45.7,21.90,4433,1334,398
56018,153.8,6.50,4435,1334,398
56026,125.0,8.00,4437,1334,398
56033,142.9,7.00,4439,1334,398
56040,144.9,6.90,4441,1334,398
56047,144.9,6.90,4443,1334,398
56054,147.1,6.80,4445,1334,398
56061,140.8,7.10,4447,1334,398
56068,140.8,7.10,4449,1334,398
56075,142.9,7.00,4451,1334,398
56082,149.3,6.70,4453,1334,398
56089,142.9,7.00,4455,1334,398
56096,144.9,6.90,4457,1334,398
56103,142.9,7.00,4459,1334,398
56109,149.3,6.70,4461,1334,398
56117,138.9,7.20,4463,1334,398
56123,147.1,6.80,4465,1334,398
56130,142.9,7.00,4467,1334,398
56137,142.9,7.00,4469,1334,398
56144,142.9,7.00,4471,1334,398
56152,140.8,7.10,4473,1334,398
56158,151.5,6.60,4475,1334,398
56165,140.8,7.10,4477,1334,398
56172,147.1,6.80,4479,1334,398
56179,138.9,7.20,4481,1334,398
56186,149.3,6.70,4483,1334,398
56193,144.9,6.90,4485,1334,398
56200,142.9,7.00,4487,1334,398
56207,147.1,6.80,4489,1334,398
56214,138.9,7.20,4491,1334,398
56221,149.3,6.70,4493,1334,398
56228,135.1,7.40,4495,1334,398
56234,153.8,6.50,4497,1334,398
56242,137.0,7.30,4499,1334,398
56249,144.9,6.90,4501,1334,398
56256,142.9,7.00,4503,1334,398
56262,153.8,6.50,4505,1334,398
56269,138.9,7.20,4507,1334,398
56276,140.8,7.10,4509,1334,398
56283,149.3,6.70,4511,1334,398
56290,142.9,7.00,4513,1334,398
56297,144.9,6.90,4515,1334,398
56304,144.9,6.90,4517,1334,398
56311,144.9,6.90,4519,1334,398
56318,149.3,6.70,4521,1334,398
56325,138.9,7.20,4523,1334,398
56332,140.8,7.10,4525,1334,398
56339,144.9,6.90,4527,1334,398
56346,144.9,6.90,4529,1334,398
56353,142.9,7.00,4531,1334,398
56360,140.8,7.10,4533,1334,398
56366,153.8,6.50,4535,1334,398
56374,138.9,7.20,4537,1334,398
56381,142.9,7.00,4539,1334,398
56387,144.9,6.90,4541,1334,398
56394,144.9,6.90,4543,1334,398
56401,140.8,7.10,4545,1334,398
56408,147.1,6.80,4547,1334,398
56415,142.9,7.00,4549,1334,398
56422,144.9,6.90,4551,1334,398
56429,144.9,6.90,4553,1334,398
56436,140.8,7.10,4555,1334,398
56443,151.5,6.60,4557,1334,398
56450,140.8,7.10,4559,1334,398
56457,142.9,7.00,4561,1334,398
56464,140.8,7.10,4563,1334,398
56470,153.8,6.50,4565,1334,398
56478,137.0,7.30,4567,1334,398
56485,144.9,6.90,4569,1334,398
56492,142.9,7.00,4571,1334,398
56498,147.1,6.80,4573,1334,398
56505,147.1,6.80,4575,1334,398
56512,138.9,7.20,4577,1334,398
56519,142.9,7.00,4579,1334,398
56526,147.1,6.80,4581,1334,398
56533,142.9,7.00,4583,1334,398
56540,147.1,6.80,4585,1334,398
56547,140.8,7.10,4587,1334,398
56554,144.9,6.90,4589,1334,398
56561,142.9,7.00,4591,1334,398
56568,135.1,7.40,4593,1334,398
56575,161.3,6.20,4595,1334,398
56582,138.9,7.20,4597,1334,398
56589,142.9,7.00,4599,1334,398
56596,144.9,6.90,4601,1334,398
56603,144.9,6.90,4603,1334,398
56610,140.8,7.10,4605,1334,398
56617,144.9,6.90,4607,1334,398
56624,144.9,6.90,4609,1334,398
56630,144.9,6.90,4611,1334,398
56637,142.9,7.00,4613,1334,398
56645,140.8,7.10,4615,1334,398
56651,149.3,6.70,4617,1334,398
56658,140.8,7.10,4619,1334,398
56665,147.1,6.80,4621,1334,398
56672,140.8,7.10,4623,1334,398
56679,147.1,6.80,4625,1334,398
56686,144.9,6.90,4627,1334,398
56693,140.8,7.10,4629,1334,398
56700,144.9,6.90,4631,1334,398
56707,142.9,7.00,4633,1334,398
56714,147.1,6.80,4635,1334,398
56721,142.9,7.00,4637,1334,398
56728,144.9,6.90,4639,1334,398
56735,142.9,7.00,4641,1334,398
56741,149.3,6.70,4643,1334,398
56749,137.0,7.30,4645,1334,398
56755,147.1,6.80,4647,1334,398
56762,144.9,6.90,4649,1334,398
56769,142.9,7.00,4651,1334,398
56777,138.9,7.20,4653,1334,398
56783,156.2,6.40,4655,1334,398
56790,138.9,7.20,4657,1334,398
56797,140.8,7.10,4659,1334,398
56804,147.1,6.80,4661,1334,398
56811,144.9,6.90,4663,1334,398
56818,142.9,7.00,4665,1334,398
56825,144.9,6.90,4667,1334,398
56832,144.9,6.90,4669,1334,398
56839,142.9,7.00,4671,1334,398
56846,142.9,7.00,4673,1334,398
56853,142.9,7.00,4675,1334,398
56860,142.9,7.00,4677,1334,398
56867,147.1,6.80,4679,1334,398
56874,142.9,7.00,4681,1334,398
56881,138.9,7.20,4683,1334,398
56887,153.8,6.50,4685,1334,398
56894,140.8,7.10,4687,1334,398
56901,144.9,6.90,4689,1334,398
56908,142.9,7.00,4691,1334,398
56915,147.1,6.80,4693,1334,398
56922,142.9,7.00,4695,1334,398
56929,140.8,7.10,4697,1334,398
56936,142.9,7.00,4699,1334,398
56943,151.5,6.60,4701,1334,398
56950,137.0,7.30,4703,1334,398
56957,138.9,7.20,4705,1334,398
56964,158.7,6.30,4707,1334,398
56971,140.8,7.10,4709,1334,398
56978,140.8,7.10,4711,1334,398
56985,137.0,7.30,4713,1334,398
56991,158.7,6.30,4715,1334,398
56998,140.8,7.10,4717,1334,398
57005,142.9,7.00,4719,1334,398
57012,147.1,6.80,4721,1334,398
57019,140.8,7.10,4723,1334,398
57026,147.1,6.80,4725,1334,398
57033,140.8,7.10,4727,1334,398
57040,142.9,7.00,4729,1334,398
57047,147.1,6.80,4731,1334,398
57054,138.9,7.20,4733,1334,398
57061,147.1,6.80,4735,1334,398
57068,144.9,6.90,4737,1334,398
57075,142.9,7.00,4739,1334,398
57082,142.9,7.00,4741,1334,398
57089,140.8,7.10,4743,1334,398
57096,153.8,6.50,4745,1334,398
57103,140.8,7.10,4747,1334,398
57110,137.0,7.30,4749,1334,398
57116,156.3,6.40,4751,1334,398
57124,140.8,7.10,4753,1334,398
57131,142.9,7.00,4755,1334,398
57137,147.1,6.80,4757,1334,398
57144,142.9,7.00,4759,1334,398
57151,149.3,6.70,4761,1334,398
57158,138.9,7.20,4763,1334,398
57165,144.9,6.90,4765,1334,398
57172,144.9,6.90,4767,1334,398
57179,138.9,7.20,4769,1334,398
57186,144.9,6.90,4771,1334,398
57194,131.6,7.60,4773,1334,398
57200,166.7,6.00,4775,1334,398
57207,137.0,7.30,4777,1334,398
57214,149.3,6.70,4779,1334,398
57221,142.9,7.00,4781,1334,398
57228,144.9,6.90,4783,1334,398
57235,138.9,7.20,4785,1334,398
57241,153.8,6.50,4787,1334,398
57249,137.0,7.30,4789,1334,398
57256,142.9,7.00,4791,1334,398
57262,149.3,6.70,4793,1334,398
57269,140.8,7.10,4795,1334,398
57276,147.1,6.80,4797,1334,398
57283,142.9,7.00,4799,1334,398
57290,142.9,7.00,4801,1334,398
57297,147.1,6.80,4803,1334,398
57304,142.9,7.00,4805,1334,398
57311,140.8,7.10,4807,1334,398
57318,151.5,6.60,4809,1334,398
57325,135.1,7.40,4811,1334,398
57332,144.9,6.90,4813,1334,398
57339,144.9,6.90,4815,1334,398
57346,147.1,6.80,4817,1334,398
57353,144.9,6.90,4819,1334,398
57360,142.9,7.00,4821,1334,398
57367,142.9,7.00,4823,1334,398
57374,144.9,6.90,4825,1334,398
57380,144.9,6.90,4827,1334,398
57387,144.9,6.90,4829,1334,398
57394,142.9,7.00,4831,1334,398
57402,138.9,7.20,4833,1334,398
57408,158.7,6.30,4835,1334,398
57415,137.0,7.30,4837,1334,398
57422,144.9,6.90,4839,1334,398
57429,149.3,6.70,4841,1334,398
57436,140.8,7.10,4843,1334,398
57443,144.9,6.90,4845,1334,398
57450,142.9,7.00,4847,1334,398
57457,142.9,7.00,4849,1334,398
57464,142.9,7.00,4851,1334,398
57471,144.9,6.90,4853,1334,398
57478,144.9,6.90,4855,1334,398
57485,142.9,7.00,4857,1334,398
57492,144.9,6.90,4859,1334,398
57499,142.9,7.00,4861,1334,398
57506,138.9,7.20,4863,1334,398
57512,156.2,6.40,4865,1334,398
57519,140.8,7.10,4867,1334,398
57526,140.8,7.10,4869,1334,398
57533,149.3,6.70,4871,1334,398
57540,138.9,7.20,4873,1334,398
57547,147.1,6.80,4875,1334,398
57554,140.8,7.10,4877,1334,398
57561,144.9,6.90,4879,1334,398
57568,138.9,7.20,4881,1334,398
57575,153.8,6.50,4883,1334,398
57582,140.8,7.10,4885,1334,398
57589,142.9,7.00,4887,1334,398
57596,144.9,6.90,4889,1334,398
57603,144.9,6.90,4891,1334,398
57610,138.9,7.20,4893,1334,398
57616,153.8,6.50,4895,1334,398
57624,138.9,7.20,4897,1334,398
57631,140.8,7.10,4899,1334,398
57637,149.3,6.70,4901,1334,398
57644,144.9,6.90,4903,1334,398
57651,140.8,7.10,4905,1334,398
57658,147.1,6.80,4907,1334,398
57665,140.8,7.10,4909,1334,398
57672,147.1,6.80,4911,1334,398
57679,142.9,7.00,4913,1334,398
57686,142.9,7.00,4915,1334,398
57693,147.1,6.80,4917,1334,398
57700,138.9,7.20,4919,1334,398
57707,149.3,6.70,4921,1334,398
57714,137.0,7.30,4923,1334,398
57720,156.2,6.40,4925,1334,398
57728,138.9,7.20,4927,1334,398
57735,144.9,6.90,4929,1334,398
57742,142.9,7.00,4931,1334,398
57749,142.9,7.00,4933,1334,398
57756,142.9,7.00,4935,1334,398
57762,144.9,6.90,4937,1334,398
57769,144.9,6.90,4939,1334,398
57776,144.9,6.90,4941,1334,398
57783,142.9,7.00,4943,1334,398
57790,142.9,7.00,4945,1334,398
57797,142.9,7.00,4947,1334,398
57804,144.9,6.90,4949,1334,398
57811,144.9,6.90,4951,1334,398
57818,142.9,7.00,4953,1334,398
57825,147.1,6.80,4955,1334,398
57832,142.9,7.00,4957,1334,398
57839,142.9,7.00,4959,1334,398
57846,142.9,7.00,4961,1334,398
57853,149.3,6.70,4963,1334,398
57860,140.8,7.10,4965,1334,398
57867,144.9,6.90,4967,1334,398
57874,142.9,7.00,4969,1334,398
57880,144.9,6.90,4971,1334,398
57887,144.9,6.90,4973,1334,398
57894,142.9,7.00,4975,1334,398
57901,142.9,7.00,4977,1334,398
57908,147.1,6.80,4979,1334,398
57915,142.9,7.00,4981,1334,398
57922,140.8,7.10,4983,1334,398
57929,151.5,6.60,4985,1334,398
57936,138.9,7.20,4987,1334,398
57943,144.9,6.90,4989,1334,398
57950,144.9,6.90,4991,1334,398
57957,142.9,7.00,4993,1334,398
57964,142.9,7.00,4995,1334,398
57971,147.1,6.80,4997,1334,398
57978,140.8,7.10,4999,1334,398
57985,144.9,6.90,5001,1334,398
57992,144.9,6.90,5003,1334,398
57998,144.9,6.90,5005,1334,398
58005,142.9,7.00,5007,1334,398
58012,142.9,7.00,5009,1334,398
58019,144.9,6.90,5011,1334,398
58027,138.9,7.20,5013,1334,398
58033,153.8,6.50,5015,1334,398
58040,140.8,7.10,5017,1334,398
58047,144.9,6.90,5019,1334,398
58054,142.9,7.00,5021,1334,398
58061,144.9,6.90,5023,1334,398
58068,140.8,7.10,5025,1334,398
58075,144.9,6.90,5027,1334,398
58082,144.9,6.90,5029,1334,398
58089,142.9,7.00,5031,1334,398
58096,147.1,6.80,5033,1334,398
58103,140.8,7.10,5035,1334,398
58110,144.9,6.90,5037,1334,398
58117,144.9,6.90,5039,1334,398
58124,142.9,7.00,5041,1334,398
58131,140.8,7.10,5043,1334,398
58137,149.3,6.70,5045,1334,398
58144,144.9,6.90,5047,1334,398
58151,140.8,7.10,5049,1334,398
58158,144.9,6.90,5051,1334,398
58165,147.1,6.80,5053,1334,398
58172,140.8,7.10,5055,1334,398
58179,144.9,6.90,5057,1334,398
58186,140.8,7.10,5059,1334,398
58193,144.9,6.90,5061,1334,398
58200,147.1,6.80,5063,1334,398
58207,142.9,7.00,5065,1334,398
58214,149.3,6.70,5067,1334,398
58221,142.9,7.00,5069,1334,398
58228,142.9,7.00,5071,1334,398
58235,131.6,7.60,5073,1334,398
58241,158.7,6.30,5075,1334,398
58249,138.9,7.20,5077,1334,398
58256,144.9,6.90,5079,1334,398
58262,151.5,6.60,5081,1334,398
58269,138.9,7.20,5083,1334,398
58276,140.8,7.10,5085,1334,398
58283,144.9,6.90,5087,1334,398
58290,151.5,6.60,5089,1334,398
58297,140.8,7.10,5091,1334,398
58304,147.1,6.80,5093,1334,398
58311,140.8,7.10,5095,1334,398
58318,144.9,6.90,5097,1334,398
58325,144.9,6.90,5099,1334,398
58332,140.8,7.10,5101,1334,398
58339,135.1,7.40,5103,1334,398
58346,158.7,6.30,5105,1334,398
58353,137.0,7.30,5107,1334,398
58360,142.9,7.00,5109,1334,398
58366,151.5,6.60,5111,1334,398
58374,140.8,7.10,5113,1334,398
58381,142.9,7.00,5115,1334,398
58387,144.9,6.90,5117,1334,398
58394,142.9,7.00,5119,1334,398
58401,147.1,6.80,5121,1334,398
58408,140.8,7.10,5123,1334,398
58415,147.1,6.80,5125,1334,398
58422,140.8,7.10,5127,1334,398
58429,142.9,7.00,5129,1334,398
58436,147.1,6.80,5131,1334,398
58443,138.9,7.20,5133,1334,398
58450,151.5,6.60,5135,1334,398
58457,142.9,7.00,5137,1334,398
58464,142.9,7.00,5139,1334,398
58471,142.9,7.00,5141,1334,398
58478,142.9,7.00,5143,1334,398
58485,144.9,6.90,5145,1334,398
58492,147.1,6.80,5147,1334,398
58499,142.9,7.00,5149,1334,398
58505,144.9,6.90,5151,1334,398
58512,142.9,7.00,5153,1334,398
58519,144.9,6.90,5155,1334,398
58526,142.9,7.00,5157,1334,398
58533,140.8,7.10,5159,1334,398
58540,151.5,6.60,5161,1334,398
58547,138.9,7.20,5163,1334,398
58554,151.5,6.60,5165,1334,398
58561,138.9,7.20,5167,1334,398
58568,135.1,7.40,5169,1334,398
58575,158.7,6.30,5171,1334,398
58582,142.9,7.00,5173,1334,398
58589,140.8,7.10,5175,1334,398
58596,147.1,6.80,5177,1334,398
58603,140.8,7.10,5179,1334,398
58610,147.1,6.80,5181,1334,398
58617,142.9,7.00,5183,1334,398
58624,142.9,7.00,5185,1334,398
58630,144.9,6.90,5187,1334,398
58637,142.9,7.00,5189,1334,398
58644,147.1,6.80,5191,1334,398
58651,140.8,7.10,5193,1334,398
58658,147.1,6.80,5195,1334,398
58665,144.9,6.90,5197,1334,398
58672,142.9,7.00,5199,1334,398
58679,142.9,7.00,5201,1334,398
58686,142.9,7.00,5203,1334,398
58693,144.9,6.90,5205,1334,398
58700,142.9,7.00,5207,1334,398
58707,144.9,6.90,5209,1334,398
58714,142.9,7.00,5211,1334,398
58721,144.9,6.90,5213,1334,398
58728,142.9,7.00,5215,1334,398
58735,147.1,6.80,5217,1334,398
58742,142.9,7.00,5219,1334,398
58749,142.9,7.00,5221,1334,398
58756,140.8,7.10,5223,1334,398
58762,149.3,6.70,5225,1334,398
58769,140.8,7.10,5227,1334,398
58776,142.9,7.00,5229,1334,398
58783,149.3,6.70,5231,1334,398
58790,142.9,7.00,5233,1334,398
58797,142.9,7.00,5235,1334,398
58804,142.9,7.00,5237,1334,398
58811,140.8,7.10,5239,1334,398
58818,144.9,6.90,5241,1334,398
58825,147.1,6.80,5243,1334,398
58832,142.9,7.00,5245,1334,398
58839,144.9,6.90,5247,1334,398
58846,144.9,6.90,5249,1334,398
58853,142.9,7.00,5251,1334,398
58860,140.8,7.10,5253,1334,398
58866,151.5,6.60,5255,1334,398
58874,138.9,7.20,5257,1334,398
58881,144.9,6.90,5259,1334,398
58887,144.9,6.90,5261,1334,398
58895,135.1,7.40,5263,1334,398
58902,149.3,6.70,5265,1334,398
58908,144.9,6.90,5267,1334,398
58916,140.8,7.10,5269,1334,398
58923,142.9,7.00,5271,1334,398
58929,149.3,6.70,5273,1334,398
58936,153.8,6.50,5275,1334,398
58943,135.1,7.40,5277,1334,398
58950,138.9,7.20,5279,1334,398
58957,158.7,6.30,5281,1334,398
58964,138.9,7.20,5283,1334,398
58971,147.1,6.80,5285,1334,398
58978,140.8,7.10,5287,1334,398
58985,147.1,6.80,5289,1334,398
58991,144.9,6.90,5291,1334,398
58998,142.9,7.00,5293,1334,398
59005,144.9,6.90,5295,1334,398
59012,142.9,7.00,5297,1334,398
59019,144.9,6.90,5299,1334,398
59026,144.9,6.90,5301,1334,398
59033,144.9,6.90,5303,1334,398
59040,142.9,7.00,5305,1334,398
59047,140.8,7.10,5307,1334,398
59054,144.9,6.90,5309,1334,398
59061,144.9,6.90,5311,1334,398
59068,138.9,7.20,5313,1334,398
59075,149.3,6.70,5315,1334,398
59082,142.9,7.00,5317,1334,398
59089,142.9,7.00,5319,1334,398
59096,147.1,6.80,5321,1334,398
59103,142.9,7.00,5323,1334,398
59110,140.8,7.10,5325,1334,398
59117,147.1,6.80,5327,1334,398
59123,144.9,6.90,5329,1334,398
59130,142.9,7.00,5331,1334,398
59137,142.9,7.00,5333,1334,398
59145,137.0,7.30,5335,1334,398
59151,156.2,6.40,5337,1334,398
59158,138.9,7.20,5339,1334,398
59165,151.5,6.60,5341,1334,398
59172,140.8,7.10,5343,1334,398
59179,142.9,7.00,5345,1334,398
59186,137.0,7.30,5347,1334,398
59193,156.2,6.40,5349,1334,398
59200,140.8,7.10,5351,1334,398
59207,144.9,6.90,5353,1334,398
59214,142.9,7.00,5355,1334,398
59221,142.9,7.00,5357,1334,398
59228,140.8,7.10,5359,1334,398
59235,140.8,7.10,5361,1334,398
59241,158.7,6.30,5363,1334,398
59249,135.1,7.40,5365,1334,398
59255,147.1,6.80,5367,1334,398
59262,142.9,7.00,5369,1334,398
59270,138.9,7.20,5371,1334,398
59276,149.3,6.70,5373,1334,398
59283,147.1,6.80,5375,1334,398
59291,135.1,7.40,5377,1334,398
59297,149.3,6.70,5379,1334,398
59304,144.9,6.90,5381,1334,398
59311,144.9,6.90,5383,1334,398
59318,147.1,6.80,5385,1334,398
59325,142.9,7.00,5387,1334,398
59332,140.8,7.10,5389,1334,398
59339,147.1,6.80,5391,1334,398
59346,142.9,7.00,5393,1334,398
59353,144.9,6.90,5395,1334,398
59360,142.9,7.00,5397,1334,398
59367,144.9,6.90,5399,1334,398
59374,138.9,7.20,5401,1334,398
59380,151.5,6.60,5403,1334,398
59387,140.8,7.10,5405,1334,398
59394,142.9,7.00,5407,1334,398
59401,147.1,6.80,5409,1334,398
59408,142.9,7.00,5411,1334,398
59415,144.9,6.90,5413,1334,398
59422,144.9,6.90,5415,1334,398
59429,142.9,7.00,5417,1334,398
59436,142.9,7.00,5419,1334,398
59443,142.9,7.00,5421,1334,398
59450,149.3,6.70,5423,1334,398
59457,142.9,7.00,5425,1334,398
59464,144.9,6.90,5427,1334,398
59471,142.9,7.00,5429,1334,398
59478,138.9,7.20,5431,1334,398
59485,149.3,6.70,5433,1334,398
59492,142.9,7.00,5435,1334,398
59498,147.1,6.80,5437,1334,398
59505,142.9,7.00,5439,1334,398
59512,144.9,6.90,5441,1334,398
59519,140.8,7.10,5443,1334,398
59526,142.9,7.00,5445,1334,398
59533,149.3,6.70,5447,1334,398
59540,140.8,7.10,5449,1334,398
59547,144.9,6.90,5451,1334,398
59554,142.9,7.00,5453,1334,398
59561,144.9,6.90,5455,1334,398
59568,142.9,7.00,5457,1334,398
59575,140.8,7.10,5459,1334,398
59582,142.9,7.00,5461,1334,398
59589,149.3,6.70,5463,1334,398
59596,142.9,7.00,5465,1334,398
59603,142.9,7.00,5467,1334,398
59610,144.9,6.90,5469,1334,398
59617,142.9,7.00,5471,1334,398
59623,147.1,6.80,5473,1334,398
59630,144.9,6.90,5475,1334,398
59637,142.9,7.00,5477,1334,398
59644,144.9,6.90,5479,1334,398
59651,142.9,7.00,5481,1334,398
59658,144.9,6.90,5483,1334,398
59665,144.9,6.90,5485,1334,398
59672,142.9,7.00,5487,1334,398
59679,144.9,6.90,5489,1334,398
59686,138.9,7.20,5491,1334,398
59693,147.1,6.80,5493,1334,398
59700,144.9,6.90,5495,1334,398
59707,147.1,6.80,5497,1334,398
59714,140.8,7.10,5499,1334,398
59721,142.9,7.00,5501,1334,398
59728,142.9,7.00,5503,1334,398
59735,147.1,6.80,5505,1334,398
59742,142.9,7.00,5507,1334,398
59748,147.1,6.80,5509,1334,398
59755,140.8,7.10,5511,1334,398
59762,142.9,7.00,5513,1334,398
59769,144.9,6.90,5515,1334,398
59776,144.9,6.90,5517,1334,398
59783,144.9,6.90,5519,1334,398
59790,138.9,7.20,5521,1334,398
59797,147.1,6.80,5523,1334,398
59804,144.9,6.90,5525,1334,398
59811,142.9,7.00,5527,1334,398
59818,142.9,7.00,5529,1334,398
59825,147.1,6.80,5531,1334,398
59832,144.9,6.90,5533,1334,398
59839,142.9,7.00,5535,1334,398
59846,140.8,7.10,5537,1334,398
59853,144.9,6.90,5539,1334,398
59860,144.9,6.90,5541,1334,398
59867,144.9,6.90,5543,1334,398
59874,142.9,7.00,5545,1334,398
59881,142.9,7.00,5547,1334,398
59887,147.1,6.80,5549,1334,398
59895,137.0,7.30,5551,1334,398
59901,156.2,6.40,5553,1334,398
59908,142.9,7.00,5555,1334,398
59915,144.9,6.90,5557,1334,398
59922,144.9,6.90,5559,1334,398
59929,142.9,7.00,5561,1334,398
59936,144.9,6.90,5563,1334,398
59943,144.9,6.90,5565,1334,398
59950,142.9,7.00,5567,1334,398
59957,140.8,7.10,5569,1334,398
59964,144.9,6.90,5571,1334,398
59971,142.9,7.00,5573,1334,398
59978,144.9,6.90,5575,1334,398
59985,144.9,6.90,5577,1334,398
59992,142.9,7.00,5579,1334,398
59999,142.9,7.00,5581,1334,398
60005,144.9,6.90,5583,1334,398
