API de Renderizacao: WEBGPU
Cenario: D
Timestamp Unix de Inicio do Ensaio (ms): 1787788552502
Tempo de Carregamento Inicial (Assets + Draco): 6.42 segundos (6423.80 ms)
Taxa de Quadros (FPS) Media: 113.27 FPS
Taxa de Quadros (FPS) Minima (Pico de Engasgo): 0.35 FPS
Taxa de Quadros (FPS) Maxima: 250.00 FPS
Tempo de Frame Medio: 21.91 ms
Tempo de Frame Maximo: 2876.70 ms
Draw Calls Medio: 229.8
Draw Calls Maximo: 990
Geometrias na VRAM (final): 1334
Texturas na VRAM (final): 396
Tempo de GPU Medio (ms): 13.674
Overhead de CPU Medio (ms): 8.233
Total de Quadros Amostrados: 2739 frames

--- DADOS BRUTOS QUADRO A QUADRO ---
Tempo Decorrido (ms),FPS Instantaneo,Tempo de Frame (ms),Draw Calls,Geometrias,Texturas,Tempo de GPU (ms)
2877,0.3,2876.70,990,1332,396,85.066
3096,4.6,219.10,989,1332,396,85.066
3236,7.2,139.70,985,1332,396,78.053
3248,82.0,12.20,985,1332,396,78.053
3367,8.4,118.50,983,1332,396,78.053
3499,7.6,132.00,981,1332,396,76.874
3626,7.9,127.30,979,1332,396,76.874
3737,9.0,110.80,976,1332,396,76.874
3843,9.4,106.50,975,1332,396,73.138
3962,8.5,118.20,973,1332,396,73.138
4085,8.1,123.10,972,1332,396,73.138
4228,7.0,143.10,967,1332,396,75.235
4353,8.0,125.60,966,1332,396,75.235
4462,9.2,108.70,965,1332,396,75.235
4566,9.7,103.50,964,1332,396,75.039
4673,9.3,107.20,964,1332,396,75.039
4784,9.0,110.90,963,1332,396,75.039
4888,9.6,104.50,962,1332,396,74.973
4998,9.1,110.20,961,1332,396,74.973
5105,9.4,106.70,959,1332,396,74.973
5201,10.4,95.80,958,1332,396,67.174
5293,10.9,91.80,955,1332,396,67.174
5390,10.3,97.20,955,1332,396,67.174
5482,10.9,91.60,955,1332,396,63.701
5610,7.8,128.40,953,1332,396,63.701
5715,9.5,105.40,950,1332,396,63.701
5811,10.4,95.80,948,1332,396,67.830
5917,9.5,105.60,949,1332,396,67.830
6028,9.0,110.70,950,1332,396,67.830
6144,8.6,116.50,949,1332,396,85.524
6256,9.0,111.60,948,1332,396,85.524
6364,9.3,107.90,948,1332,396,85.524
6465,9.9,101.00,947,1332,396,71.434
6558,10.8,92.80,947,1332,396,71.434
6645,11.5,87.30,947,1332,396,71.434
6737,10.9,92.00,946,1332,396,61.932
6833,10.4,96.30,944,1332,396,61.932
6928,10.6,94.60,944,1332,396,61.932
7012,11.8,84.70,944,1332,396,56.099
7097,11.8,84.50,944,1332,396,56.099
7179,12.2,82.10,943,1332,396,56.099
7259,12.6,79.40,941,1332,396,52.429
7343,11.8,84.80,940,1332,396,52.429
7427,11.9,83.80,940,1332,396,52.429
7513,11.7,85.60,938,1332,396,56.689
7617,9.6,103.70,935,1332,396,56.689
7700,11.9,83.90,932,1332,396,56.689
7788,11.4,87.40,931,1332,396,59.113
7892,9.6,104.10,930,1332,396,59.113
7997,9.5,104.90,926,1332,396,59.113
8094,10.3,97.10,925,1332,396,69.075
8183,11.3,88.80,923,1332,396,69.075
8272,11.2,89.40,923,1332,396,69.075
8360,11.4,87.60,921,1332,396,58.982
8445,11.7,85.60,921,1332,396,58.982
8529,12.0,83.20,918,1332,396,58.982
8620,11.0,91.20,917,1332,396,63.373
8718,10.1,98.60,915,1332,396,63.373
8804,11.7,85.80,914,1332,396,63.373
8911,9.3,107.10,914,1332,396,79.692
8998,11.5,87.20,914,1332,396,79.692
9104,9.5,105.20,911,1332,396,79.692
9191,11.5,87.00,908,1332,396,59.376
9282,11.0,91.20,908,1332,396,59.376
9364,12.2,82.00,906,1332,396,59.376
9448,12.0,83.60,906,1332,396,57.147
9537,11.2,89.50,906,1332,396,57.147
9632,10.5,95.00,906,1332,396,57.147
9718,11.6,86.10,904,1332,396,57.999
9802,12.0,83.50,903,1332,396,57.999
9915,8.8,113.50,900,1332,396,57.999
10006,11.0,90.60,898,1332,396,63.111
10092,11.6,86.10,896,1332,396,63.111
10182,11.1,90.30,894,1332,396,63.111
10265,12.1,82.40,890,1332,396,54.723
10348,11.9,83.80,879,1332,396,54.723
10429,12.4,80.70,878,1332,396,54.723
10509,12.5,80.30,876,1332,396,53.477
10593,12.0,83.40,866,1332,396,53.477
10674,12.3,81.10,857,1332,396,53.477
10758,11.9,84.10,854,1332,396,56.492
10839,12.3,81.30,849,1332,396,56.492
10936,10.3,96.70,842,1332,396,56.492
11034,10.2,97.90,839,1332,396,68.026
11124,11.1,90.40,828,1332,396,68.026
11203,12.6,79.20,815,1332,396,68.026
11291,11.4,87.80,809,1332,396,60.752
11374,12.2,82.30,798,1332,396,60.752
11466,10.8,92.20,788,1332,396,60.752
11568,9.8,102.10,781,1332,396,75.104
11672,9.6,104.10,769,1332,396,75.104
11778,9.5,105.70,759,1332,396,75.104
11858,12.4,80.60,754,1332,396,51.970
11957,10.2,98.40,748,1332,396,51.970
12040,12.0,83.50,744,1332,396,51.970
12124,12.0,83.50,742,1332,396,57.606
12223,10.0,99.80,738,1332,396,57.606
12304,12.4,80.50,733,1332,396,57.606
12416,8.9,112.40,722,1332,396,68.616
12513,10.4,96.60,717,1332,396,68.616
12613,10.0,100.00,707,1332,396,68.616
12718,9.6,104.60,704,1332,396,55.443
12820,9.8,102.00,697,1332,396,55.443
12909,11.1,89.70,693,1332,396,55.443
13002,10.8,92.40,685,1332,396,65.864
13080,12.8,78.20,682,1332,396,65.864
13166,11.6,85.90,680,1332,396,65.864
13244,12.9,77.80,676,1332,396,51.315
13322,12.8,78.40,672,1332,396,51.315
13399,12.9,77.40,662,1332,396,51.315
13478,12.8,78.30,652,1332,396,51.380
13571,10.7,93.30,642,1332,396,51.380
13661,11.1,90.20,631,1332,396,51.380
13742,12.3,81.00,625,1332,396,53.674
13820,12.8,78.10,622,1332,396,53.674
13906,11.7,85.70,617,1332,396,53.674
13990,11.9,83.80,608,1332,396,57.213
14068,12.8,77.90,604,1332,396,57.213
14156,11.4,87.80,594,1332,396,57.213
14244,11.3,88.20,586,1332,396,62.194
14323,12.6,79.30,573,1332,396,62.194
14443,8.4,119.70,566,1332,396,62.194
14550,9.3,107.60,558,1332,396,78.381
14649,10.2,98.30,550,1332,396,78.381
14762,8.8,113.40,541,1332,396,78.381
14875,8.9,112.70,537,1332,396,84.279
14988,8.8,113.00,534,1332,396,84.279
15092,9.6,104.30,532,1332,396,84.279
15188,10.4,96.10,530,1332,396,67.240
15270,12.3,81.50,526,1332,396,67.240
15358,11.3,88.20,522,1332,396,67.240
15438,12.5,80.20,517,1332,396,53.019
15514,13.2,75.90,516,1332,396,53.019
15596,12.2,81.90,512,1332,396,53.019
15686,11.1,89.80,510,1332,396,63.504
15771,11.7,85.50,504,1332,396,63.504
15850,12.7,78.70,500,1332,396,63.504
15944,10.6,94.00,498,1332,396,67.305
16029,11.8,84.90,494,1332,396,67.305
16106,13.0,77.00,491,1332,396,67.305
16188,12.2,81.90,488,1332,396,55.050
16269,12.3,81.40,485,1332,396,55.050
16348,12.6,79.20,483,1332,396,55.050
16426,12.9,77.30,478,1332,396,50.594
16517,10.9,91.40,476,1332,396,50.594
16611,10.7,93.50,471,1332,396,50.594
16694,12.0,83.50,467,1332,396,56.754
16776,12.2,82.10,466,1332,396,56.754
16858,12.3,81.50,465,1332,396,56.754
16954,10.3,96.80,463,1332,396,70.451
17035,12.4,80.70,461,1332,396,70.451
17118,12.0,83.10,459,1332,396,70.451
17202,12.0,83.40,458,1332,396,57.213
17283,12.3,81.40,456,1332,396,57.213
17361,12.8,78.30,454,1332,396,57.213
17444,12.1,82.40,451,1332,396,56.295
17526,12.2,82.30,449,1332,396,56.295
17607,12.4,80.60,448,1332,396,56.295
17703,10.4,96.30,445,1332,396,69.403
17787,11.9,83.80,441,1332,396,69.403
17868,12.3,81.50,438,1332,396,69.403
17950,12.2,81.90,438,1332,396,55.247
18037,11.5,86.60,436,1332,396,55.247
18132,10.4,95.70,432,1332,396,55.247
18248,8.6,115.80,426,1332,396,86.442
18336,11.4,87.70,424,1332,396,86.442
18445,9.1,109.30,421,1332,396,86.442
18536,11.1,90.40,421,1332,396,62.390
18644,9.2,108.40,420,1332,396,62.390
18742,10.2,98.20,417,1332,396,62.390
18852,9.1,110.10,412,1332,396,83.558
18946,10.7,93.30,409,1332,396,83.558
19043,10.3,97.20,406,1332,396,83.558
19131,11.4,87.70,405,1332,396,61.932
19214,12.0,83.00,403,1332,396,61.932
19311,10.3,97.20,400,1332,396,61.932
19405,10.6,94.30,396,1332,396,68.485
19503,10.2,97.60,393,1332,396,68.485
19584,12.3,81.00,393,1332,396,68.485
19669,11.8,85.00,389,1332,396,57.344
19762,10.7,93.50,389,1332,396,57.344
19863,9.9,100.90,386,1332,396,57.344
19945,12.2,82.00,385,1332,396,55.968
20030,11.7,85.40,381,1332,396,55.968
20114,11.9,83.90,378,1332,396,55.968
20197,12.0,83.00,378,1332,396,56.820
20281,11.9,83.90,375,1332,396,56.820
20362,12.4,80.80,373,1332,396,56.820
20452,11.1,90.20,372,1332,396,64.029
20560,9.3,107.30,371,1332,396,64.029
20646,11.6,86.10,369,1332,396,64.029
20724,12.8,78.30,369,1332,396,54.657
20800,13.1,76.40,365,1332,396,54.657
20870,14.4,69.40,365,1332,396,54.657
20945,13.4,74.70,364,1332,396,51.970
21015,14.1,70.70,360,1332,396,51.970
21071,17.9,56.00,358,1332,396,51.970
21140,14.6,68.40,357,1332,396,31.261
21191,19.6,51.10,357,1332,396,31.261
21249,17.1,58.50,358,1332,396,31.261
21300,19.6,50.90,357,1332,396,29.164
21373,13.7,73.10,356,1332,396,29.164
21425,19.2,52.20,354,1332,396,29.164
21476,19.9,50.30,353,1332,396,28.901
21535,16.8,59.50,353,1332,396,28.901
21583,21.1,47.50,352,1332,396,28.901
21653,14.3,69.80,353,1332,396,48.234
21707,18.5,54.10,351,1332,396,48.234
21756,20.2,49.60,349,1332,396,48.234
21804,20.8,48.00,348,1332,396,27.066
21874,14.3,69.90,347,1332,396,27.066
21943,14.6,68.30,345,1332,396,27.066
22002,16.8,59.40,345,1332,396,38.076
22051,20.2,49.40,345,1332,396,38.076
22107,17.9,56.00,345,1332,396,38.076
22158,19.7,50.80,345,1332,396,28.836
22212,18.6,53.80,343,1332,396,28.836
22263,19.5,51.30,343,1332,396,28.836
22318,18.1,55.20,343,1332,396,33.554
22367,20.7,48.30,342,1332,396,33.554
22414,21.3,47.00,340,1332,396,33.554
22462,20.7,48.30,340,1332,396,27.263
22510,21.0,47.70,340,1332,396,27.263
22562,19.2,52.10,339,1332,396,27.263
22610,20.8,48.00,338,1332,396,26.542
22659,20.4,49.10,337,1332,396,26.542
22714,18.3,54.60,335,1332,396,26.542
22766,18.9,52.80,335,1332,396,30.867
22816,20.2,49.40,335,1332,396,30.867
22863,21.2,47.20,334,1332,396,30.867
22912,20.2,49.40,333,1332,396,28.180
22963,19.6,50.90,333,1332,396,28.180
23010,21.6,46.40,333,1332,396,28.180
23061,19.6,51.00,333,1332,396,28.836
23113,19.2,52.10,333,1332,396,28.836
23173,16.6,60.10,333,1332,396,28.836
23226,18.8,53.10,334,1332,396,31.916
23283,17.4,57.40,333,1332,396,31.916
23334,19.7,50.80,332,1332,396,31.916
23383,20.3,49.20,331,1332,396,27.918
23434,19.8,50.40,330,1332,396,27.918
23495,16.5,60.70,330,1332,396,27.918
23547,19.2,52.20,329,1332,396,30.212
23598,19.5,51.30,328,1332,396,30.212
23646,20.8,48.00,327,1332,396,30.212
23696,20.0,50.00,327,1332,396,28.443
23748,19.0,52.50,327,1332,396,28.443
23794,21.8,45.90,326,1332,396,28.443
23841,21.5,46.50,326,1332,396,25.952
23886,22.4,44.70,326,1332,396,25.952
23937,19.3,51.80,326,1332,396,25.952
23992,18.4,54.30,325,1332,396,32.506
24037,22.1,45.30,325,1332,396,32.506
24084,21.5,46.60,327,1332,396,32.506
24137,18.7,53.40,326,1332,396,31.261
24184,21.4,46.80,326,1332,396,31.261
24230,21.5,46.50,327,1332,396,31.261
24277,21.5,46.50,327,1332,396,25.690
24325,20.9,47.80,325,1332,396,25.690
24371,21.7,46.10,325,1332,396,25.690
24417,21.6,46.30,324,1332,396,24.904
24465,21.0,47.60,323,1332,396,24.904
24516,19.5,51.30,322,1332,396,24.904
24570,18.6,53.80,322,1332,396,33.292
24617,21.3,46.90,321,1332,396,33.292
24668,19.3,51.70,320,1332,396,33.292
24721,19.2,52.20,320,1332,396,28.770
24772,19.3,51.70,320,1332,396,28.770
24822,20.1,49.80,322,1332,396,28.770
24869,21.3,47.00,322,1332,396,25.887
24923,18.6,53.70,323,1332,396,25.887
24969,21.6,46.30,322,1332,396,25.887
25073,9.6,104.10,320,1332,396,46.072
25144,14.1,71.10,320,1332,396,46.072
25205,16.4,60.80,320,1332,396,46.072
25256,19.7,50.80,320,1332,396,29.426
25324,14.6,68.60,321,1332,396,29.426
25373,20.6,48.50,322,1332,396,29.426
25422,20.4,48.90,326,1332,396,27.197
25468,21.6,46.20,326,1332,396,27.197
25514,21.6,46.20,326,1332,396,27.197
25590,13.2,75.60,328,1332,396,25.494
25636,21.7,46.00,327,1332,396,25.494
25683,21.3,46.90,329,1332,396,25.494
25741,17.1,58.60,331,1332,396,34.603
25788,21.5,46.50,333,1332,396,34.603
25839,19.7,50.70,333,1332,396,34.603
25887,20.6,48.60,334,1332,396,28.508
25934,21.3,46.90,338,1332,396,28.508
25981,21.1,47.40,339,1332,396,28.508
26052,14.1,71.00,343,1332,396,25.887
26124,13.9,71.70,347,1332,396,25.887
26172,20.9,47.90,349,1332,396,25.887
26227,18.1,55.20,353,1332,396,33.948
26276,20.5,48.70,354,1332,396,33.948
26325,20.5,48.70,360,1332,396,33.948
26376,19.3,51.80,362,1332,396,31.916
26427,19.7,50.80,365,1332,396,31.916
26541,8.8,113.40,368,1332,396,31.916
26596,18.1,55.10,374,1332,396,33.554
26644,20.7,48.40,379,1332,396,33.554
26691,21.5,46.60,382,1332,396,33.554
26744,18.9,53.00,387,1332,396,30.933
26797,18.6,53.70,396,1332,396,30.933
26853,18.1,55.10,399,1332,396,30.933
26913,16.5,60.50,407,1332,396,35.455
26997,11.9,83.70,414,1332,396,35.455
27045,20.6,48.50,420,1332,396,35.455
27094,20.5,48.80,424,1332,396,27.329
27142,20.7,48.40,429,1332,396,27.329
27229,11.6,86.50,449,1332,396,27.329
27278,20.4,48.90,459,1332,396,27.329
27326,20.7,48.20,473,1332,396,27.329
27408,12.2,81.80,489,1332,396,27.329
27460,19.1,52.30,495,1332,396,31.130
27516,18.0,55.70,503,1332,396,31.130
27570,18.4,54.30,516,1332,396,31.130
27625,18.1,55.30,527,1332,396,33.096
27681,17.8,56.10,535,1332,396,33.096
27738,17.5,57.00,541,1332,396,33.096
27792,18.8,53.30,548,1332,396,31.719
27843,19.6,50.90,551,1332,396,31.719
27891,20.6,48.60,552,1332,396,31.719
27945,18.7,53.40,558,1332,396,28.115
27994,20.4,49.00,560,1332,396,28.115
28040,21.4,46.70,565,1332,396,28.115
28100,16.7,60.00,571,1332,396,37.945
28160,16.7,59.80,577,1332,396,37.945
28210,20.0,49.90,579,1332,396,37.945
28280,14.2,70.30,592,1332,396,32.440
28330,20.2,49.50,598,1332,396,32.440
28387,17.5,57.20,620,1332,396,32.440
28447,16.6,60.40,656,1332,396,36.700
28498,19.8,50.40,667,1332,396,36.700
28547,20.4,49.00,673,1332,396,36.700
28637,11.1,90.00,674,1332,396,36.241
28699,16.0,62.50,672,1332,396,36.241
28776,13.0,76.70,678,1332,396,36.241
28832,18.0,55.60,679,1332,396,31.719
28884,19.2,52.20,679,1332,396,31.719
28937,18.8,53.30,680,1332,396,31.719
28988,19.8,50.50,680,1332,396,27.001
29040,19.3,51.90,680,1333,396,27.001
29087,21.2,47.20,678,1333,396,27.001
29137,20.0,50.10,680,1334,396,27.394
29238,9.9,101.40,683,1334,396,27.394
29295,17.8,56.30,682,1334,396,27.394
29347,19.0,52.50,682,1334,396,27.132
29394,21.3,47.00,681,1334,396,27.132
29448,18.6,53.80,681,1334,396,27.132
29499,19.8,50.60,681,1334,396,28.246
29547,20.7,48.20,679,1334,396,28.246
29598,19.4,51.50,675,1334,396,28.246
29652,18.8,53.30,675,1334,396,30.605
29708,17.7,56.50,671,1334,396,30.605
29756,21.1,47.50,670,1334,396,30.605
29811,18.0,55.60,669,1334,396,33.554
29859,20.9,47.80,667,1334,396,33.554
29906,21.2,47.10,667,1334,396,33.554
29961,18.1,55.40,666,1334,396,32.834
30014,19.2,52.20,665,1334,396,32.834
30061,21.2,47.20,665,1334,396,32.834
30111,20.0,49.90,664,1334,396,27.787
30160,20.2,49.40,663,1334,396,27.787
30213,18.9,53.00,663,1334,396,27.787
30265,19.5,51.40,661,1334,396,28.246
30312,20.9,47.80,658,1334,396,28.246
30359,21.4,46.80,657,1334,396,28.246
30406,21.1,47.30,657,1334,396,25.428
30458,19.4,51.60,656,1334,396,25.428
30507,20.5,48.80,655,1334,396,25.428
30554,21.4,46.80,655,1334,396,24.117
30600,21.5,46.50,655,1334,396,24.117
30655,18.4,54.40,655,1334,396,24.117
30706,19.3,51.70,655,1334,396,28.705
30753,21.3,47.00,655,1334,396,28.705
30800,21.2,47.10,655,1334,396,28.705
30849,20.7,48.20,654,1334,396,26.739
30898,20.1,49.70,654,1334,396,26.739
30951,18.8,53.10,652,1334,396,26.739
31001,20.0,49.90,651,1334,396,27.591
31048,21.6,46.40,651,1334,396,27.591
31095,21.0,47.60,649,1334,396,27.591
31140,22.4,44.70,647,1334,396,24.183
31195,18.0,55.50,646,1334,396,24.183
31242,21.6,46.20,646,1334,396,24.183
31290,20.5,48.80,645,1334,396,26.083
31341,19.7,50.70,645,1334,396,26.083
31388,21.2,47.10,643,1334,396,26.083
31436,21.1,47.40,643,1334,396,24.117
31484,20.7,48.40,643,1334,396,24.117
31530,21.6,46.40,643,1334,396,24.117
31576,21.8,45.80,643,1334,396,24.052
31626,20.0,49.90,642,1334,396,24.052
31674,21.0,47.70,642,1334,396,24.052
31727,18.7,53.50,641,1334,396,29.950
31780,19.1,52.30,641,1334,396,29.950
31839,16.9,59.20,641,1334,396,29.950
31901,16.2,61.80,640,1334,396,32.834
31961,16.7,59.90,640,1334,396,32.834
32019,17.2,58.00,640,1334,396,32.834
32072,18.6,53.70,640,1334,396,30.867
32120,20.8,48.00,639,1334,396,30.867
32168,21.1,47.40,639,1334,396,30.867
32216,20.7,48.20,638,1334,396,25.887
32262,21.8,45.80,637,1334,396,25.887
32312,20.0,50.00,637,1334,396,25.887
32368,17.8,56.20,636,1334,396,33.423
32417,20.5,48.70,636,1334,396,33.423
32463,21.5,46.60,636,1334,396,33.423
32516,19.0,52.70,636,1334,396,30.474
32566,20.2,49.60,636,1334,396,30.474
32616,19.9,50.30,634,1334,396,30.474
32663,21.4,46.80,634,1334,396,26.214
32712,20.3,49.20,634,1334,396,26.214
32762,20.1,49.80,634,1334,396,26.214
32813,19.8,50.60,633,1334,396,29.032
32861,20.7,48.20,633,1334,396,29.032
32910,20.4,49.00,631,1334,396,29.032
32963,18.7,53.60,629,1334,396,31.261
33012,20.6,48.50,628,1334,396,31.261
33060,20.6,48.50,628,1334,396,31.261
33111,19.8,50.50,627,1334,396,28.312
33163,19.4,51.60,626,1334,396,28.312
33218,18.1,55.20,625,1334,396,28.312
33267,20.3,49.20,625,1334,396,27.329
33316,20.5,48.80,625,1334,396,27.329
33366,20.0,50.10,624,1334,396,27.329
33415,20.5,48.80,623,1334,396,27.656
33464,20.4,48.90,621,1334,396,27.656
33513,20.1,49.70,620,1334,396,27.656
33562,20.3,49.20,620,1334,396,27.460
33612,20.2,49.50,620,1334,396,27.460
33663,19.6,51.10,620,1334,396,27.460
33713,19.9,50.20,620,1334,396,27.591
33766,18.9,52.80,618,1334,396,27.591
33819,18.8,53.20,618,1334,396,27.591
33874,18.2,54.80,618,1334,396,31.588
33925,19.7,50.80,618,1334,396,31.588
33974,20.3,49.20,618,1334,396,31.588
34026,19.4,51.60,616,1334,396,29.557
34079,18.6,53.70,615,1334,396,29.557
34133,18.5,54.00,612,1334,396,29.557
34186,18.9,52.80,611,1334,396,30.474
34257,14.1,71.10,611,1334,396,30.474
34314,17.6,56.90,610,1334,396,30.474
34369,18.3,54.50,610,1334,396,32.506
34421,18.9,52.80,609,1334,396,32.506
34471,20.2,49.60,609,1334,396,32.506
34526,18.3,54.50,608,1334,396,31.982
34584,17.0,58.80,608,1334,396,31.982
34636,19.5,51.20,607,1334,396,31.982
34686,20.0,50.00,606,1334,396,28.639
34739,18.6,53.80,605,1334,396,28.639
34790,19.8,50.40,604,1334,396,28.639
34848,17.2,58.30,604,1334,396,36.635
34897,20.2,49.40,603,1334,396,36.635
34950,19.2,52.10,603,1334,396,36.635
35001,19.4,51.60,603,1334,396,30.999
35051,19.9,50.30,603,1334,396,30.999
35102,19.8,50.60,601,1334,396,30.999
35158,18.0,55.50,601,1334,396,33.423
35205,21.1,47.50,601,1334,396,33.423
35263,17.3,57.90,601,1334,396,33.423
35313,20.0,49.90,600,1334,396,27.656
35366,18.9,53.00,600,1334,396,27.656
35418,19.1,52.30,600,1334,396,27.656
35471,19.1,52.40,600,1334,396,30.015
35522,19.6,51.10,599,1334,396,30.015
35572,19.7,50.80,599,1334,396,30.015
35624,19.4,51.50,598,1334,396,29.295
35676,19.2,52.20,597,1334,396,29.295
35727,19.6,51.10,596,1334,396,29.295
35778,19.8,50.60,595,1334,396,30.409
35833,18.2,54.80,592,1334,396,30.409
35888,18.1,55.20,592,1334,396,30.409
35943,18.1,55.40,592,1334,396,32.768
35995,19.3,51.80,591,1334,396,32.768
36048,18.8,53.30,590,1334,396,32.768
36099,19.8,50.40,589,1334,396,28.705
36152,18.9,53.00,588,1334,396,28.705
36209,17.6,56.90,587,1334,396,28.705
36266,17.6,56.90,585,1334,396,34.013
36321,18.2,55.00,585,1334,396,34.013
36374,18.8,53.30,582,1334,396,34.013
36426,19.0,52.50,582,1334,396,30.015
36479,19.0,52.50,581,1334,396,30.015
36530,19.7,50.70,579,1334,396,30.015
36588,17.1,58.50,579,1334,396,36.176
36644,18.0,55.50,578,1334,396,36.176
36699,18.1,55.40,576,1334,396,36.176
36757,17.2,58.00,575,1334,396,35.127
36812,18.1,55.30,575,1334,396,35.127
36867,18.5,54.20,573,1334,396,35.127
36919,19.2,52.20,569,1334,396,30.409
36973,18.3,54.60,569,1334,396,30.409
37027,18.6,53.70,568,1334,396,30.409
37081,18.5,54.10,565,1334,396,29.688
37134,19.1,52.40,564,1334,396,29.688
37185,19.3,51.80,563,1334,396,29.688
37235,20.2,49.60,562,1334,396,27.197
37284,20.3,49.20,562,1334,396,27.197
37334,20.0,50.00,561,1334,396,27.197
37387,19.1,52.40,561,1334,396,29.098
37437,19.7,50.80,561,1334,396,29.098
37489,19.5,51.20,560,1334,396,29.098
37540,19.5,51.20,560,1334,396,29.098
37592,19.1,52.40,561,1334,396,29.098
37642,19.9,50.20,562,1334,396,29.098
37694,19.3,51.90,561,1334,396,30.474
37752,17.2,58.00,561,1334,396,30.474
37804,19.2,52.20,562,1334,396,30.474
37860,18.1,55.20,562,1334,396,33.686
37918,17.2,58.30,562,1334,396,33.686
37977,16.9,59.00,561,1334,396,33.686
38027,19.9,50.20,560,1334,396,29.360
38081,18.5,54.10,561,1334,396,29.360
38132,19.8,50.50,560,1334,396,29.360
38185,18.7,53.60,560,1334,396,31.392
38238,18.9,52.80,562,1334,396,31.392
38291,19.0,52.50,562,1334,396,31.392
38345,18.4,54.30,565,1334,396,31.785
38402,17.5,57.30,568,1334,396,31.785
38467,15.4,64.80,567,1334,396,31.785
38521,18.6,53.80,568,1334,396,31.916
38576,18.2,54.90,567,1334,396,31.916
38630,18.5,54.00,567,1334,396,31.916
38684,18.6,53.90,566,1334,396,32.768
38737,18.6,53.70,565,1334,396,32.768
38791,18.6,53.90,562,1334,396,32.768
38851,16.9,59.20,559,1334,396,36.962
38910,16.8,59.70,556,1334,396,36.962
38967,17.6,56.90,555,1334,396,36.962
39022,18.2,55.00,553,1334,396,32.899
39077,18.1,55.10,556,1334,396,32.899
39131,18.7,53.60,556,1334,396,32.899
39186,18.1,55.40,553,1334,396,33.423
39241,18.3,54.60,550,1334,396,33.423
39309,14.7,68.20,543,1334,396,33.423
39377,14.7,67.80,533,1334,396,45.810
39446,14.5,69.20,530,1334,396,45.810
39516,14.3,69.90,527,1334,396,45.810
39582,15.1,66.20,520,1334,396,35.914
39638,18.0,55.50,501,1334,396,35.914
39690,19.0,52.60,478,1334,396,35.914
39748,17.4,57.60,411,1334,396,34.865
39813,15.3,65.20,385,1334,396,34.865
39867,18.6,53.80,371,1334,396,34.865
39919,19.4,51.60,362,1334,396,30.867
39971,19.0,52.50,358,1334,396,30.867
40027,17.7,56.40,349,1334,396,30.867
40082,18.3,54.70,335,1334,396,33.358
40132,20.0,50.00,328,1334,396,33.358
40186,18.5,54.10,320,1334,396,33.358
40241,18.3,54.70,316,1334,396,32.375
40303,16.1,62.30,307,1334,396,32.375
40355,19.3,51.90,300,1334,396,32.375
40408,18.9,52.80,291,1334,396,31.195
40462,18.6,53.70,283,1334,396,31.195
40522,16.6,60.40,276,1334,396,31.195
40582,16.8,59.40,262,1334,396,37.814
40646,15.5,64.50,258,1334,396,37.814
40703,17.5,57.30,252,1334,396,37.814
40757,18.6,53.70,248,1334,396,32.309
40812,18.1,55.20,242,1334,396,32.309
40871,16.9,59.10,237,1334,396,32.309
40933,16.1,62.00,239,1334,396,40.042
40995,16.2,61.60,238,1334,396,40.042
41001,163.9,6.10,238,1334,396,40.042
41063,16.1,62.30,233,1334,396,40.042
41121,17.5,57.30,231,1334,396,40.042
41174,18.6,53.70,224,1334,396,39.518
41234,16.8,59.60,222,1334,396,39.518
41291,17.5,57.00,220,1334,396,39.518
41349,17.2,58.20,220,1334,396,39.518
41418,14.5,69.10,218,1334,396,39.518
41471,19.0,52.70,219,1334,396,51.905
41526,18.2,54.90,219,1334,396,51.905
41578,19.2,52.10,221,1334,396,51.905
41635,17.5,57.30,219,1334,396,51.905
41695,16.8,59.70,222,1334,396,51.905
41752,17.6,56.80,223,1334,396,42.533
41809,17.6,56.90,223,1334,396,42.533
41869,16.5,60.60,223,1334,396,42.533
41929,16.8,59.60,222,1334,396,42.533
41984,18.1,55.40,220,1334,396,37.224
42041,17.6,56.70,219,1334,396,37.224
42102,16.4,61.10,219,1334,396,37.224
42159,17.5,57.20,217,1334,396,37.224
42215,17.9,55.80,217,1334,396,37.224
42274,16.9,59.30,215,1334,396,39.059
42328,18.5,54.10,214,1334,396,39.059
42383,18.5,54.10,213,1334,396,39.059
42443,16.5,60.70,211,1334,396,39.059
42500,17.7,56.40,211,1334,396,39.059
42554,18.6,53.80,211,1334,396,39.322
42616,15.9,62.80,210,1334,396,39.322
42673,17.7,56.60,208,1334,396,39.322
42734,16.4,61.00,208,1334,396,39.322
42794,16.8,59.70,208,1334,396,39.322
42852,17.1,58.40,207,1334,396,43.057
42908,18.0,55.70,205,1334,396,43.057
42961,18.8,53.10,204,1334,396,43.057
43016,18.1,55.30,204,1334,396,43.057
43070,18.7,53.40,204,1334,396,36.241
43126,17.7,56.60,203,1334,396,36.241
43178,19.1,52.30,203,1334,396,36.241
43234,17.9,55.90,203,1334,396,36.241
43294,16.8,59.60,203,1334,396,36.241
43347,18.7,53.50,203,1334,396,42.664
43399,19.3,51.90,203,1334,396,42.664
43457,17.3,57.80,202,1334,396,42.664
43514,17.7,56.40,202,1334,396,42.664
43565,19.3,51.80,202,1334,396,42.664
43617,19.3,51.70,201,1334,396,34.603
43672,18.2,54.80,201,1334,396,34.603
43728,17.8,56.10,201,1334,396,34.603
43781,18.9,52.80,201,1334,396,34.603
43838,17.3,57.70,201,1334,396,40.239
43892,18.8,53.10,200,1334,396,40.239
43948,17.8,56.30,200,1334,396,40.239
44005,17.5,57.00,200,1334,396,40.239
44059,18.4,54.30,200,1334,396,38.797
44117,17.4,57.60,200,1334,396,38.797
44170,18.9,53.00,200,1334,396,38.797
44228,17.1,58.40,200,1334,396,38.797
44285,17.5,57.10,200,1334,396,38.797
44337,19.4,51.60,199,1334,396,39.453
44390,18.7,53.40,199,1334,396,39.453
44442,19.2,52.10,198,1334,396,39.453
44505,16.0,62.40,198,1334,396,39.453
44565,16.7,59.80,198,1334,396,39.453
44628,15.8,63.30,197,1334,396,42.140
44693,15.3,65.20,197,1334,396,42.140
44758,15.4,65.10,197,1334,396,42.140
44825,14.9,67.20,196,1334,396,42.140
44899,13.6,73.30,196,1334,396,42.140
44963,15.5,64.70,195,1334,396,56.426
45000,27.5,36.40,194,1334,396,56.426
45008,117.6,8.50,194,1334,396,56.426
45019,96.2,10.40,194,1334,396,56.426
45027,122.0,8.20,194,1334,396,56.426
45035,120.5,8.30,194,1334,396,8.978
45043,123.5,8.10,194,1334,396,8.978
45067,42.0,23.80,194,1334,396,8.978
45075,123.5,8.10,194,1334,396,8.978
45082,147.1,6.80,194,1334,396,8.978
45090,117.6,8.50,194,1334,396,7.602
45101,96.2,10.40,194,1334,396,7.602
45108,142.9,7.00,194,1334,396,7.602
45118,103.1,9.70,194,1334,396,7.602
45125,138.9,7.20,194,1334,396,7.602
45157,30.8,32.50,194,1334,396,7.930
45165,125.0,8.00,194,1334,396,7.930
45172,140.8,7.10,194,1334,396,7.930
45180,123.5,8.10,194,1334,396,7.930
45189,120.5,8.30,194,1334,396,7.930
45199,98.0,10.20,194,1334,396,7.602
45206,142.9,7.00,194,1334,396,7.602
45239,30.2,33.10,194,1334,396,7.602
45246,135.1,7.40,194,1334,396,7.602
45254,137.0,7.30,194,1334,396,7.602
45262,128.2,7.80,194,1334,396,7.602
45269,133.3,7.50,194,1334,396,7.602
45277,123.5,8.10,193,1334,396,7.602
45307,33.8,29.60,193,1334,396,7.602
45315,123.5,8.10,193,1334,396,7.602
45322,135.1,7.40,193,1334,396,7.340
45329,144.9,6.90,193,1334,396,7.340
45338,114.9,8.70,193,1334,396,7.340
45345,142.9,7.00,193,1334,396,7.340
45352,131.6,7.60,193,1334,396,7.340
45360,126.6,7.90,193,1334,396,7.209
45387,37.3,26.80,193,1334,396,7.209
45395,122.0,8.20,193,1334,396,7.209
45402,151.5,6.60,193,1334,396,7.209
45409,144.9,6.90,193,1334,396,7.209
45416,142.9,7.00,193,1334,396,7.143
45425,113.6,8.80,193,1334,396,7.143
45432,131.6,7.60,193,1334,396,7.143
45439,147.1,6.80,193,1334,396,7.143
45456,59.5,16.80,193,1334,396,15.401
45463,140.8,7.10,193,1334,396,15.401
45471,117.6,8.50,192,1334,396,15.401
45478,144.9,6.90,192,1334,396,15.401
45485,142.9,7.00,192,1334,396,15.401
45492,144.9,6.90,192,1334,396,6.816
45500,137.0,7.30,192,1334,396,6.816
45534,29.2,34.20,192,1334,396,6.816
45541,135.1,7.40,191,1334,396,6.816
45548,151.5,6.60,191,1334,396,6.816
45555,133.3,7.50,191,1334,396,7.209
45562,153.8,6.50,191,1334,396,7.209
45569,144.9,6.90,191,1334,396,7.209
45576,142.9,7.00,191,1334,396,7.209
45606,33.1,30.20,190,1334,396,7.209
45615,111.1,9.00,190,1334,396,30.933
45622,135.1,7.40,190,1334,396,30.933
45629,138.9,7.20,190,1334,396,30.933
45637,137.0,7.30,190,1334,396,30.933
45645,116.3,8.60,190,1334,396,30.933
45652,151.5,6.60,190,1334,396,7.274
45659,144.9,6.90,190,1334,396,7.274
45681,44.2,22.60,190,1334,396,7.274
45690,113.6,8.80,190,1334,396,7.274
45697,140.8,7.10,190,1334,396,7.274
45706,117.6,8.50,190,1334,396,7.209
45713,142.9,7.00,190,1334,396,7.209
45720,138.9,7.20,190,1334,396,7.209
45728,120.5,8.30,190,1334,396,7.209
45735,144.9,6.90,190,1334,396,6.685
45742,144.9,6.90,190,1334,396,6.685
45762,50.5,19.80,189,1334,396,6.685
45770,125.0,8.00,189,1334,396,6.685
45777,147.1,6.80,189,1334,396,6.357
45784,144.9,6.90,189,1334,396,6.357
45790,144.9,6.90,189,1334,396,6.357
45798,140.8,7.10,189,1334,396,6.357
45805,142.9,7.00,189,1334,396,5.243
45812,135.1,7.40,189,1334,396,5.243
45838,38.6,25.90,189,1334,396,5.243
45847,111.1,9.00,189,1334,396,5.243
45855,122.0,8.20,189,1334,396,8.520
45865,101.0,9.90,189,1334,396,8.520
45873,126.6,7.90,189,1334,396,8.520
45882,106.4,9.40,188,1334,396,8.520
45890,137.0,7.30,188,1334,396,8.126
45916,37.5,26.70,188,1334,396,8.126
45923,149.3,6.70,188,1334,396,8.126
45930,151.5,6.60,188,1334,396,8.126
45937,140.8,7.10,188,1334,396,3.277
45943,147.1,6.80,187,1334,396,3.277
45950,147.1,6.80,187,1334,396,3.277
45957,144.9,6.90,187,1334,396,3.277
45964,144.9,6.90,187,1334,396,3.211
45971,140.8,7.10,187,1334,396,3.211
45985,74.6,13.40,187,1334,396,3.211
45992,135.1,7.40,187,1334,396,3.211
45999,144.9,6.90,187,1334,396,2.884
46006,147.1,6.80,187,1334,396,2.884
46013,137.0,7.30,187,1334,396,2.884
46020,149.3,6.70,187,1334,396,2.884
46027,142.9,7.00,187,1334,396,2.949
46034,147.1,6.80,187,1334,396,2.949
46040,142.9,7.00,187,1334,396,2.949
46055,68.5,14.60,187,1334,396,2.949
46061,158.7,6.30,187,1334,396,3.342
46068,142.9,7.00,187,1334,396,3.342
46075,142.9,7.00,187,1334,396,3.342
46082,144.9,6.90,187,1334,396,3.342
46089,144.9,6.90,187,1334,396,3.211
46096,142.9,7.00,187,1334,396,3.211
46103,144.9,6.90,187,1334,396,3.211
46110,144.9,6.90,187,1334,396,3.211
46117,140.8,7.10,187,1334,396,3.146
46134,59.2,16.90,187,1334,396,3.146
46138,250.0,4.00,187,1334,396,3.146
46145,144.9,6.90,187,1334,396,3.146
46152,149.3,6.70,187,1334,396,3.670
46159,140.8,7.10,187,1334,396,3.670
46166,142.9,7.00,187,1334,396,3.670
46173,144.9,6.90,187,1334,396,3.670
46179,144.9,6.90,187,1334,396,3.211
46187,140.8,7.10,187,1334,396,3.211
46193,147.1,6.80,187,1334,396,3.211
46200,142.9,7.00,187,1334,396,3.211
46207,144.9,6.90,187,1334,396,3.211
46214,142.9,7.00,187,1334,396,3.211
46221,144.9,6.90,187,1334,396,3.211
46228,144.9,6.90,187,1334,396,3.211
46235,140.8,7.10,187,1334,396,3.277
46242,138.9,7.20,187,1334,396,3.277
46261,52.6,19.00,187,1334,396,3.277
46268,142.9,7.00,187,1334,396,3.277
46275,142.9,7.00,187,1334,396,5.308
46282,147.1,6.80,186,1334,396,5.308
46289,142.9,7.00,186,1334,396,5.308
46296,144.9,6.90,186,1334,396,3.932
46303,144.9,6.90,186,1334,396,3.932
46310,142.9,7.00,186,1334,396,3.932
46317,142.9,7.00,186,1334,396,3.801
46324,144.9,6.90,186,1334,396,3.801
46331,142.9,7.00,186,1334,396,3.801
46338,144.9,6.90,186,1334,396,3.998
46345,144.9,6.90,186,1334,396,3.998
46352,142.9,7.00,186,1334,396,3.998
46359,142.9,7.00,186,1334,396,3.932
46366,142.9,7.00,186,1334,396,3.932
46373,144.9,6.90,186,1334,396,3.932
46379,144.9,6.90,186,1334,396,3.932
46386,144.9,6.90,186,1334,396,3.932
46393,140.8,7.10,186,1334,396,3.932
46400,144.9,6.90,186,1334,396,3.932
46407,147.1,6.80,186,1334,396,3.932
46414,142.9,7.00,186,1334,396,3.932
46421,142.9,7.00,186,1334,396,3.998
46428,144.9,6.90,186,1334,396,3.998
46435,144.9,6.90,186,1334,396,3.998
46442,147.1,6.80,186,1334,396,3.998
46449,138.9,7.20,186,1334,396,3.998
46456,144.9,6.90,186,1334,396,3.998
46463,147.1,6.80,186,1334,396,3.998
46478,65.8,15.20,186,1334,396,3.998
46485,137.0,7.30,186,1334,396,23.069
46492,140.8,7.10,186,1334,396,23.069
46499,144.9,6.90,186,1334,396,23.069
46506,147.1,6.80,186,1334,396,23.069
46513,140.8,7.10,186,1334,396,4.850
46520,149.3,6.70,186,1334,396,4.850
46527,140.8,7.10,186,1334,396,4.850
46534,147.1,6.80,186,1334,396,4.850
46553,51.0,19.60,185,1334,396,4.850
46562,119.0,8.40,185,1334,396,22.086
46569,144.9,6.90,185,1334,396,22.086
46576,142.9,7.00,185,1334,396,22.086
46583,142.9,7.00,185,1334,396,22.086
46590,142.9,7.00,185,1334,396,4.260
46596,147.1,6.80,185,1334,396,4.260
46603,140.8,7.10,184,1334,396,4.260
46610,147.1,6.80,184,1334,396,4.260
46617,144.9,6.90,184,1334,396,4.260
46637,51.0,19.60,184,1334,396,4.260
46645,120.5,8.30,183,1334,396,4.260
46652,147.1,6.80,183,1334,396,4.260
46659,147.1,6.80,183,1334,396,4.653
46666,140.8,7.10,183,1334,396,4.653
46673,147.1,6.80,183,1334,396,4.653
46680,140.8,7.10,183,1334,396,4.653
46686,147.1,6.80,183,1334,396,4.915
46693,144.9,6.90,183,1334,396,4.915
46715,46.5,21.50,182,1334,396,4.915
46721,156.3,6.40,182,1334,396,4.915
46728,147.1,6.80,182,1334,396,4.915
46735,140.8,7.10,182,1334,396,5.046
46742,147.1,6.80,182,1334,396,5.046
46749,142.9,7.00,182,1334,396,5.046
46756,144.9,6.90,182,1334,396,5.046
46763,142.9,7.00,182,1334,396,4.915
46770,144.9,6.90,182,1334,396,4.915
46777,144.9,6.90,182,1334,396,4.915
46784,142.9,7.00,182,1334,396,4.915
46791,142.9,7.00,182,1334,396,5.112
46798,144.9,6.90,182,1334,396,5.112
46805,140.8,7.10,182,1334,396,5.112
46811,149.3,6.70,182,1334,396,5.112
46819,138.9,7.20,182,1334,396,4.915
46825,147.1,6.80,182,1334,396,4.915
46832,144.9,6.90,182,1334,396,4.915
46839,144.9,6.90,182,1334,396,4.915
46846,142.9,7.00,182,1334,396,4.981
46853,142.9,7.00,182,1334,396,4.981
46860,147.1,6.80,182,1334,396,4.981
46867,142.9,7.00,182,1334,396,4.981
46874,138.9,7.20,182,1334,396,4.915
46881,149.3,6.70,182,1334,396,4.915
46888,142.9,7.00,182,1334,396,4.915
46895,140.8,7.10,182,1334,396,4.915
46902,142.9,7.00,182,1334,396,4.981
46909,151.5,6.60,182,1334,396,4.981
46916,142.9,7.00,182,1334,396,4.981
46923,133.3,7.50,182,1334,396,4.981
46930,153.8,6.50,182,1334,396,4.915
46937,142.9,7.00,182,1334,396,4.915
46944,142.9,7.00,182,1334,396,4.915
46950,147.1,6.80,182,1334,396,4.915
46957,142.9,7.00,182,1334,396,4.915
46964,142.9,7.00,182,1334,396,4.915
46971,144.9,6.90,182,1334,396,4.915
46978,140.8,7.10,182,1334,396,4.915
46985,147.1,6.80,182,1334,396,4.915
46992,140.8,7.10,182,1334,396,4.915
46999,149.3,6.70,182,1334,396,4.915
47006,140.8,7.10,182,1334,396,4.915
47013,144.9,6.90,182,1334,396,4.850
47020,144.9,6.90,182,1334,396,4.850
47027,138.9,7.20,182,1334,396,4.850
47034,151.5,6.60,182,1334,396,4.850
47041,140.8,7.10,182,1334,396,4.915
47048,144.9,6.90,182,1334,396,4.915
47055,142.9,7.00,182,1334,396,4.915
47062,144.9,6.90,182,1334,396,4.915
47068,147.1,6.80,182,1334,396,4.850
47075,140.8,7.10,182,1334,396,4.850
47082,144.9,6.90,182,1334,396,4.850
47090,138.9,7.20,182,1334,396,4.850
47096,147.1,6.80,182,1334,396,4.850
47104,138.9,7.20,182,1334,396,4.850
47110,151.5,6.60,182,1334,396,4.850
47117,142.9,7.00,182,1334,396,4.850
47124,140.8,7.10,182,1334,396,4.981
47131,142.9,7.00,182,1334,396,4.981
47138,151.5,6.60,182,1334,396,4.981
47145,144.9,6.90,182,1334,396,4.981
47152,147.1,6.80,182,1334,396,4.915
47159,142.9,7.00,182,1334,396,4.915
47166,142.9,7.00,181,1334,396,4.915
47172,144.9,6.90,181,1334,396,4.915
47180,137.0,7.30,181,1334,396,4.981
47186,151.5,6.60,181,1334,396,4.981
47193,144.9,6.90,181,1334,396,4.981
47200,142.9,7.00,181,1334,396,4.981
47207,142.9,7.00,181,1334,396,4.915
47214,149.3,6.70,181,1334,396,4.915
47221,137.0,7.30,181,1334,396,4.915
47228,144.9,6.90,181,1334,396,4.915
47235,147.1,6.80,181,1334,396,4.915
47242,142.9,7.00,181,1334,396,4.915
47249,144.9,6.90,181,1334,396,4.915
47256,142.9,7.00,181,1334,396,4.915
47263,142.9,7.00,181,1334,396,4.915
47270,144.9,6.90,181,1334,396,4.915
47277,142.9,7.00,181,1334,396,4.915
47284,144.9,6.90,181,1334,396,4.915
47291,142.9,7.00,181,1334,396,4.915
47297,147.1,6.80,181,1334,396,4.915
47305,140.8,7.10,181,1334,396,4.915
47311,144.9,6.90,181,1334,396,4.915
47318,147.1,6.80,181,1334,396,4.915
47325,144.9,6.90,181,1334,396,4.915
47332,144.9,6.90,181,1334,396,4.915
47339,140.8,7.10,181,1334,396,4.915
47346,142.9,7.00,181,1334,396,4.981
47353,147.1,6.80,181,1334,396,4.981
47360,142.9,7.00,181,1334,396,4.981
47367,140.8,7.10,181,1334,396,4.981
47374,147.1,6.80,181,1334,396,4.850
47381,144.9,6.90,181,1334,396,4.850
47388,142.9,7.00,181,1334,396,4.850
47395,142.9,7.00,181,1334,396,4.850
47402,142.9,7.00,181,1334,396,4.915
47409,147.1,6.80,181,1334,396,4.915
47416,142.9,7.00,181,1334,396,4.915
47422,144.9,6.90,181,1334,396,4.915
47430,140.8,7.10,181,1334,396,4.915
47436,144.9,6.90,181,1334,396,4.915
47443,147.1,6.80,181,1334,396,4.915
47451,137.0,7.30,181,1334,396,4.915
47457,149.3,6.70,181,1334,396,4.915
47464,147.1,6.80,181,1334,396,4.915
47471,142.9,7.00,181,1334,396,4.915
47478,140.8,7.10,181,1334,396,4.915
47485,147.1,6.80,181,1334,396,4.915
47492,138.9,7.20,181,1334,396,4.915
47499,147.1,6.80,181,1334,396,4.915
47506,144.9,6.90,180,1334,396,4.915
47513,140.8,7.10,180,1334,396,4.850
47520,147.1,6.80,180,1334,396,4.850
47527,142.9,7.00,180,1334,396,4.850
47534,147.1,6.80,180,1334,396,4.850
47541,140.8,7.10,180,1334,396,4.915
47547,147.1,6.80,180,1334,396,4.915
47554,144.9,6.90,180,1334,396,4.915
47562,138.9,7.20,180,1334,396,4.915
47568,149.3,6.70,180,1334,396,4.915
47575,140.8,7.10,180,1334,396,4.915
47582,144.9,6.90,180,1334,396,4.915
47589,140.8,7.10,180,1334,396,4.915
47596,144.9,6.90,180,1334,396,4.915
47603,147.1,6.80,180,1334,396,4.915
47610,144.9,6.90,180,1334,396,4.915
47617,140.8,7.10,180,1334,396,4.915
47624,137.0,7.30,180,1334,396,4.915
47631,151.5,6.60,180,1334,396,4.915
47638,147.1,6.80,180,1334,396,4.915
47645,142.9,7.00,180,1334,396,4.915
47652,140.8,7.10,180,1334,396,4.915
47659,149.3,6.70,180,1334,396,4.915
47666,142.9,7.00,180,1334,396,4.915
47673,138.9,7.20,180,1334,396,4.915
47679,149.3,6.70,180,1334,396,4.915
47686,144.9,6.90,180,1334,396,4.915
47693,140.8,7.10,180,1334,396,4.915
47700,144.9,6.90,180,1334,396,4.915
47707,140.8,7.10,180,1334,396,4.915
47715,140.8,7.10,180,1334,396,4.915
47721,151.5,6.60,180,1334,396,4.915
47728,140.8,7.10,180,1334,396,4.915
47735,140.8,7.10,180,1334,396,4.915
47742,151.5,6.60,180,1334,396,4.915
47749,144.9,6.90,180,1334,396,4.915
47756,142.9,7.00,180,1334,396,4.915
47763,147.1,6.80,180,1334,396,4.915
47770,138.9,7.20,180,1334,396,4.915
47777,147.1,6.80,180,1334,396,4.915
47784,142.9,7.00,180,1334,396,4.850
47791,144.9,6.90,180,1334,396,4.850
47797,147.1,6.80,179,1334,396,4.850
47805,138.9,7.20,179,1334,396,4.850
47811,144.9,6.90,179,1334,396,4.915
47818,144.9,6.90,179,1334,396,4.915
47825,140.8,7.10,179,1334,396,4.915
47832,147.1,6.80,179,1334,396,4.915
47839,138.9,7.20,179,1334,396,4.915
47846,151.5,6.60,179,1334,396,4.915
47853,135.1,7.40,179,1334,396,4.915
47860,151.5,6.60,179,1334,396,4.915
47867,144.9,6.90,178,1334,396,4.915
47874,142.9,7.00,178,1334,396,4.915
47881,144.9,6.90,178,1334,396,4.915
47888,142.9,7.00,178,1334,396,4.915
47895,137.0,7.30,178,1334,396,4.915
47902,156.2,6.40,178,1334,396,4.915
47909,138.9,7.20,178,1334,396,4.915
47916,144.9,6.90,178,1334,396,4.915
47922,149.3,6.70,178,1334,396,4.915
47929,140.8,7.10,178,1334,396,4.915
47937,138.9,7.20,178,1334,396,4.915
47943,149.3,6.70,178,1334,396,4.915
47950,140.8,7.10,178,1334,396,4.981
47957,147.1,6.80,177,1334,396,4.981
47964,144.9,6.90,177,1334,396,4.981
47971,147.1,6.80,177,1334,396,4.981
47978,140.8,7.10,177,1334,396,4.915
47985,149.3,6.70,177,1334,396,4.915
47992,138.9,7.20,177,1334,396,4.915
47999,144.9,6.90,177,1334,396,4.915
48006,142.9,7.00,177,1334,396,4.915
48013,147.1,6.80,177,1334,396,4.915
48020,142.9,7.00,177,1334,396,4.915
48027,142.9,7.00,177,1334,396,4.915
48034,144.9,6.90,177,1334,396,4.981
48041,140.8,7.10,177,1334,396,4.981
48048,144.9,6.90,177,1334,396,4.981
48054,147.1,6.80,177,1334,396,4.981
48061,142.9,7.00,177,1334,396,4.981
48068,144.9,6.90,177,1334,396,4.981
48075,144.9,6.90,177,1334,396,4.981
48082,140.8,7.10,177,1334,396,4.981
48089,144.9,6.90,177,1334,396,4.915
48096,149.3,6.70,177,1334,396,4.915
48103,144.9,6.90,177,1334,396,4.915
48110,140.8,7.10,177,1334,396,4.915
48117,142.9,7.00,177,1334,396,4.915
48124,147.1,6.80,177,1334,396,4.915
48131,142.9,7.00,177,1334,396,4.915
48138,144.9,6.90,177,1334,396,4.915
48145,135.1,7.40,177,1334,396,4.981
48152,151.5,6.60,177,1334,396,4.981
48159,142.9,7.00,177,1334,396,4.981
48165,147.1,6.80,177,1334,396,4.981
48173,138.9,7.20,177,1334,396,4.981
48179,149.3,6.70,177,1334,396,4.981
48186,142.9,7.00,177,1334,396,4.981
48193,144.9,6.90,177,1334,396,4.981
48200,142.9,7.00,176,1334,396,4.981
48207,147.1,6.80,176,1334,396,4.981
48214,144.9,6.90,176,1334,396,4.981
48221,140.8,7.10,176,1334,396,4.981
48228,142.9,7.00,176,1334,396,4.981
48235,147.1,6.80,176,1334,396,4.981
48242,144.9,6.90,176,1334,396,4.981
48249,142.9,7.00,176,1334,396,4.981
48256,140.8,7.10,176,1334,396,4.981
48263,147.1,6.80,176,1334,396,4.981
48270,144.9,6.90,176,1334,396,4.981
48277,140.8,7.10,176,1334,396,4.981
48284,144.9,6.90,176,1334,396,4.915
48291,140.8,7.10,176,1334,396,4.915
48297,149.3,6.70,176,1334,396,4.915
48305,140.8,7.10,176,1334,396,4.915
48311,144.9,6.90,176,1334,396,4.915
48318,144.9,6.90,176,1334,396,4.915
48325,144.9,6.90,176,1334,396,4.915
48332,142.9,7.00,176,1334,396,4.915
48339,147.1,6.80,176,1334,396,4.981
48346,142.9,7.00,176,1334,396,4.981
48353,140.8,7.10,176,1334,396,4.981
48360,147.1,6.80,176,1334,396,4.981
48367,142.9,7.00,176,1334,396,4.981
48374,147.1,6.80,176,1334,396,4.981
48381,142.9,7.00,176,1334,396,4.981
48388,142.9,7.00,176,1334,396,4.981
48395,140.8,7.10,176,1334,396,5.046
48402,149.3,6.70,176,1334,396,5.046
48409,142.9,7.00,176,1334,396,5.046
48416,140.8,7.10,176,1334,396,5.046
48423,144.9,6.90,176,1334,396,4.981
48429,149.3,6.70,176,1334,396,4.981
48436,142.9,7.00,176,1334,396,4.981
48443,140.8,7.10,176,1334,396,4.981
48450,144.9,6.90,176,1334,396,4.981
48457,144.9,6.90,176,1334,396,4.981
48464,144.9,6.90,176,1334,396,4.981
48471,142.9,7.00,176,1334,396,4.981
48479,129.9,7.70,176,1334,396,4.981
48485,158.7,6.30,176,1334,396,4.981
48492,144.9,6.90,176,1334,396,4.981
48499,144.9,6.90,176,1334,396,4.981
48506,140.8,7.10,176,1334,396,4.981
48513,144.9,6.90,176,1334,396,4.981
48520,144.9,6.90,175,1334,396,4.981
48527,142.9,7.00,175,1334,396,4.981
48534,140.8,7.10,175,1334,396,4.915
48541,149.3,6.70,175,1334,396,4.915
48547,147.1,6.80,175,1334,396,4.915
48554,142.9,7.00,174,1334,396,4.915
48561,142.9,7.00,174,1334,396,5.046
48568,144.9,6.90,174,1334,396,5.046
48575,144.9,6.90,174,1334,396,5.046
48582,144.9,6.90,174,1334,396,5.046
48590,133.3,7.50,174,1334,396,4.981
48596,151.5,6.60,173,1334,396,4.981
48603,140.8,7.10,173,1334,396,4.981
48610,147.1,6.80,173,1334,396,4.981
48617,144.9,6.90,173,1334,396,5.046
48624,144.9,6.90,173,1334,396,5.046
48631,142.9,7.00,173,1334,396,5.046
48638,142.9,7.00,173,1334,396,5.046
48645,147.1,6.80,173,1334,396,4.981
48652,137.0,7.30,173,1334,396,4.981
48659,144.9,6.90,173,1334,396,4.981
48666,149.3,6.70,173,1334,396,4.981
48673,142.9,7.00,173,1334,396,5.046
48679,147.1,6.80,173,1334,396,5.046
48686,142.9,7.00,173,1334,396,5.046
48693,142.9,7.00,173,1334,396,5.046
48700,144.9,6.90,173,1334,396,4.981
48707,138.9,7.20,173,1334,396,4.981
48714,144.9,6.90,173,1334,396,4.981
48721,147.1,6.80,173,1334,396,4.981
48728,147.1,6.80,173,1334,396,4.981
48736,126.6,7.90,173,1334,396,4.981
48742,163.9,6.10,173,1334,396,4.981
48749,144.9,6.90,173,1334,396,4.981
48756,142.9,7.00,173,1334,396,4.981
48763,142.9,7.00,173,1334,396,4.981
48770,147.1,6.80,173,1334,396,4.981
48777,142.9,7.00,173,1334,396,4.981
48784,140.8,7.10,173,1334,396,4.981
48791,144.9,6.90,173,1334,396,4.981
48797,149.3,6.70,173,1334,396,4.981
48804,140.8,7.10,173,1334,396,4.981
48811,142.9,7.00,173,1334,396,5.046
48818,144.9,6.90,173,1334,396,5.046
48825,144.9,6.90,173,1334,396,5.046
48832,144.9,6.90,173,1334,396,5.046
48839,138.9,7.20,173,1334,396,4.981
48846,147.1,6.80,173,1334,396,4.981
48853,144.9,6.90,173,1334,396,4.981
48860,142.9,7.00,173,1334,396,4.981
48867,140.8,7.10,173,1334,396,4.981
48874,147.1,6.80,173,1334,396,4.981
48881,147.1,6.80,173,1334,396,4.981
48888,140.8,7.10,173,1334,396,4.981
48895,144.9,6.90,173,1334,396,5.046
48902,144.9,6.90,173,1334,396,5.046
48909,138.9,7.20,173,1334,396,5.046
48916,138.9,7.20,173,1334,396,5.046
48923,153.8,6.50,173,1334,396,5.046
48929,144.9,6.90,173,1334,396,5.046
48937,131.6,7.60,173,1334,396,5.046
48943,158.7,6.30,173,1334,396,5.046
48950,142.9,7.00,173,1334,396,5.112
48957,144.9,6.90,172,1334,396,5.112
48964,142.9,7.00,171,1334,396,5.112
48971,140.8,7.10,171,1334,396,5.112
48978,142.9,7.00,171,1334,396,5.046
48985,147.1,6.80,171,1334,396,5.046
48992,144.9,6.90,171,1334,396,5.046
48999,144.9,6.90,171,1334,396,5.046
49006,147.1,6.80,171,1334,396,5.046
49013,144.9,6.90,171,1334,396,5.046
49020,142.9,7.00,171,1334,396,5.046
49027,140.8,7.10,171,1334,396,5.046
49034,147.1,6.80,171,1334,396,5.046
49041,142.9,7.00,171,1334,396,5.046
49048,142.9,7.00,170,1334,396,5.046
49054,147.1,6.80,170,1334,396,5.046
49062,137.0,7.30,170,1334,396,4.981
49068,149.3,6.70,170,1334,396,4.981
49075,142.9,7.00,170,1334,396,4.981
49082,144.9,6.90,170,1334,396,4.981
49089,140.8,7.10,170,1334,396,4.981
49096,147.1,6.80,170,1334,396,4.981
49103,144.9,6.90,170,1334,396,4.981
49110,142.9,7.00,170,1334,396,4.981
49117,144.9,6.90,170,1334,396,5.046
49124,144.9,6.90,170,1334,396,5.046
49131,144.9,6.90,170,1334,396,5.046
49138,137.0,7.30,170,1334,396,5.046
49145,149.3,6.70,170,1334,396,5.046
49152,144.9,6.90,170,1334,396,5.046
49158,147.1,6.80,170,1334,396,5.046
49165,142.9,7.00,170,1334,396,5.046
49173,140.8,7.10,170,1334,396,5.046
49179,144.9,6.90,170,1334,396,5.046
49186,144.9,6.90,170,1334,396,5.046
49193,142.9,7.00,170,1334,396,5.046
49200,147.1,6.80,170,1334,396,5.046
49207,142.9,7.00,170,1334,396,5.046
49214,144.9,6.90,169,1334,396,5.046
49221,140.8,7.10,169,1334,396,5.046
49228,142.9,7.00,169,1334,396,5.046
49235,147.1,6.80,169,1334,396,5.046
49242,140.8,7.10,169,1334,396,5.046
49249,144.9,6.90,169,1334,396,5.046
49256,147.1,6.80,169,1334,396,5.046
49263,138.9,7.20,169,1334,396,5.046
49270,144.9,6.90,169,1334,396,5.046
49277,149.3,6.70,169,1334,396,5.046
49284,142.9,7.00,169,1334,396,5.046
49291,142.9,7.00,169,1334,396,5.046
49298,140.8,7.10,169,1334,396,5.046
49304,149.3,6.70,169,1334,396,5.046
49311,142.9,7.00,169,1334,396,5.046
49318,144.9,6.90,169,1334,396,5.046
49326,137.0,7.30,169,1334,396,5.046
49332,149.3,6.70,169,1334,396,5.046
49340,137.0,7.30,169,1334,396,5.112
49346,151.5,6.60,169,1334,396,5.112
49353,144.9,6.90,169,1334,396,5.112
49360,142.9,7.00,169,1334,396,5.112
49367,144.9,6.90,169,1334,396,5.046
49374,142.9,7.00,169,1334,396,5.046
49381,142.9,7.00,169,1334,396,5.046
49388,147.1,6.80,169,1334,396,5.046
49395,140.8,7.10,169,1334,396,5.046
49402,144.9,6.90,168,1334,396,5.046
49409,142.9,7.00,167,1334,396,5.046
49416,144.9,6.90,167,1334,396,5.046
49423,142.9,7.00,167,1334,396,5.046
49429,147.1,6.80,167,1334,396,5.046
49436,144.9,6.90,167,1334,396,5.046
49444,135.1,7.40,167,1334,396,5.046
49450,151.5,6.60,167,1334,396,4.981
49457,142.9,7.00,167,1334,396,4.981
49464,142.9,7.00,167,1334,396,4.981
49471,147.1,6.80,167,1334,396,4.981
49478,147.1,6.80,167,1334,396,5.112
49485,140.8,7.10,167,1334,396,5.112
49492,147.1,6.80,167,1334,396,5.112
49499,140.8,7.10,167,1334,396,5.112
49506,147.1,6.80,167,1334,396,5.112
49513,144.9,6.90,167,1334,396,5.112
49520,140.8,7.10,167,1334,396,5.112
49527,144.9,6.90,167,1334,396,5.112
49534,142.9,7.00,167,1334,396,5.112
49541,140.8,7.10,167,1334,396,5.112
49547,149.3,6.70,167,1334,396,5.112
49554,142.9,7.00,167,1334,396,5.112
49561,144.9,6.90,167,1334,396,5.046
49568,142.9,7.00,167,1334,396,5.046
49575,144.9,6.90,167,1334,396,5.046
49582,142.9,7.00,167,1334,396,5.046
49589,144.9,6.90,167,1334,396,5.046
49596,142.9,7.00,166,1334,396,5.046
49603,142.9,7.00,166,1334,396,5.046
49610,147.1,6.80,166,1334,396,5.046
49617,138.9,7.20,166,1334,396,5.112
49624,149.3,6.70,166,1334,396,5.112
49631,138.9,7.20,166,1334,396,5.112
49638,149.3,6.70,166,1334,396,5.112
49645,142.9,7.00,166,1334,396,5.046
49652,142.9,7.00,166,1334,396,5.046
49659,142.9,7.00,166,1334,396,5.046
49666,147.1,6.80,166,1334,396,5.046
49673,142.9,7.00,166,1334,396,5.046
49679,144.9,6.90,166,1334,396,5.046
49686,144.9,6.90,165,1334,396,5.046
49693,142.9,7.00,164,1334,396,5.046
49700,144.9,6.90,164,1334,396,5.112
49707,138.9,7.20,164,1334,396,5.112
49714,149.3,6.70,164,1334,396,5.112
49721,140.8,7.10,164,1334,396,5.112
49728,142.9,7.00,164,1334,396,5.177
49735,147.1,6.80,164,1334,396,5.177
49742,144.9,6.90,164,1334,396,5.177
49749,144.9,6.90,164,1334,396,5.177
49756,144.9,6.90,164,1334,396,5.112
49763,142.9,7.00,164,1334,396,5.112
49770,144.9,6.90,164,1334,396,5.112
49777,140.8,7.10,164,1334,396,5.112
49784,144.9,6.90,164,1334,396,5.112
49791,144.9,6.90,164,1334,396,5.112
49798,142.9,7.00,164,1334,396,5.112
49804,144.9,6.90,164,1334,396,5.112
49811,142.9,7.00,162,1334,396,5.112
49818,144.9,6.90,162,1334,396,5.112
49825,147.1,6.80,162,1334,396,5.112
49832,140.8,7.10,162,1334,396,5.112
49839,142.9,7.00,162,1334,396,5.112
49846,147.1,6.80,162,1334,396,5.112
49853,140.8,7.10,162,1334,396,5.112
49860,147.1,6.80,162,1334,396,5.112
49867,142.9,7.00,162,1334,396,5.112
49874,138.9,7.20,161,1334,396,5.112
49881,149.3,6.70,161,1334,396,5.112
49888,144.9,6.90,161,1334,396,5.112
49895,142.9,7.00,161,1334,396,5.177
49902,147.1,6.80,161,1334,396,5.177
49909,138.9,7.20,161,1334,396,5.177
49916,144.9,6.90,161,1334,396,5.177
49923,144.9,6.90,161,1334,396,5.112
49930,142.9,7.00,161,1334,396,5.112
49936,147.1,6.80,161,1334,396,5.112
49943,142.9,7.00,161,1334,396,5.112
49950,140.8,7.10,161,1334,396,5.112
49957,144.9,6.90,161,1334,396,5.112
49964,144.9,6.90,161,1334,396,5.112
49971,142.9,7.00,161,1334,396,5.112
49978,144.9,6.90,161,1334,396,5.112
49985,147.1,6.80,161,1334,396,5.112
49992,144.9,6.90,161,1334,396,5.112
49999,140.8,7.10,161,1334,396,5.112
50006,149.3,6.70,161,1334,396,5.112
50013,142.9,7.00,161,1334,396,5.112
50020,142.9,7.00,161,1334,396,5.112
50026,147.1,6.80,161,1334,396,5.112
50034,140.8,7.10,161,1334,396,5.112
50040,147.1,6.80,161,1334,396,5.112
50047,142.9,7.00,162,1334,396,5.112
50054,140.8,7.10,162,1334,396,5.112
50061,144.9,6.90,162,1334,396,5.046
50068,142.9,7.00,162,1334,396,5.046
50075,144.9,6.90,162,1334,396,5.046
50082,142.9,7.00,162,1334,396,5.046
50089,147.1,6.80,162,1334,396,5.112
50096,144.9,6.90,162,1334,396,5.112
50103,144.9,6.90,162,1334,396,5.112
50110,138.9,7.20,162,1334,396,5.112
50117,140.8,7.10,162,1334,396,5.112
50124,147.1,6.80,162,1334,396,5.112
50131,149.3,6.70,162,1334,396,5.112
50138,138.9,7.20,162,1334,396,5.112
50145,144.9,6.90,162,1334,396,5.046
50152,142.9,7.00,162,1334,396,5.046
50159,147.1,6.80,162,1334,396,5.046
50165,144.9,6.90,162,1334,396,5.046
50172,142.9,7.00,162,1334,396,5.177
50179,144.9,6.90,162,1334,396,5.177
50186,142.9,7.00,162,1334,396,5.177
50193,140.8,7.10,161,1334,396,5.177
50200,147.1,6.80,161,1334,396,5.177
50207,142.9,7.00,161,1334,396,5.177
50214,147.1,6.80,161,1334,396,5.177
50221,144.9,6.90,161,1334,396,5.177
50228,142.9,7.00,161,1334,396,5.177
50235,147.1,6.80,161,1334,396,5.177
50242,137.0,7.30,161,1334,396,5.177
50249,151.5,6.60,161,1334,396,5.112
50256,140.8,7.10,161,1334,396,5.112
50263,144.9,6.90,161,1334,396,5.112
50270,144.9,6.90,161,1334,396,5.112
50277,140.8,7.10,161,1334,396,5.243
50284,144.9,6.90,161,1334,396,5.243
50290,147.1,6.80,161,1334,396,5.243
50297,142.9,7.00,161,1334,396,5.243
50304,140.8,7.10,161,1334,396,5.177
50311,147.1,6.80,161,1334,396,5.177
50318,142.9,7.00,160,1334,396,5.177
50325,144.9,6.90,160,1334,396,5.177
50332,140.8,7.10,160,1334,396,5.177
50339,142.9,7.00,160,1334,396,5.177
50346,144.9,6.90,160,1334,396,5.177
50353,144.9,6.90,160,1334,396,5.177
50360,144.9,6.90,160,1334,396,5.177
50367,140.8,7.10,160,1334,396,5.177
50374,147.1,6.80,160,1334,396,5.177
50381,140.8,7.10,160,1334,396,5.177
50388,147.1,6.80,160,1334,396,5.112
50395,144.9,6.90,160,1334,396,5.112
50402,144.9,6.90,160,1334,396,5.112
50409,142.9,7.00,160,1334,396,5.112
50415,144.9,6.90,160,1334,396,5.177
50422,142.9,7.00,160,1334,396,5.177
50429,142.9,7.00,160,1334,396,5.177
50436,142.9,7.00,160,1334,396,5.177
50443,149.3,6.70,160,1334,396,5.112
50450,140.8,7.10,160,1334,396,5.112
50457,144.9,6.90,159,1334,396,5.112
50464,142.9,7.00,159,1334,396,5.112
50471,147.1,6.80,159,1334,396,5.177
50478,144.9,6.90,159,1334,396,5.177
50485,142.9,7.00,159,1334,396,5.177
50492,140.8,7.10,159,1334,396,5.177
50499,147.1,6.80,159,1334,396,5.243
50506,144.9,6.90,159,1334,396,5.243
50513,142.9,7.00,159,1334,396,5.243
50520,142.9,7.00,159,1334,396,5.243
50527,142.9,7.00,159,1334,396,5.243
50533,147.1,6.80,159,1334,396,5.243
50541,137.0,7.30,159,1334,396,5.243
50548,147.1,6.80,159,1334,396,5.243
50555,142.9,7.00,159,1334,396,5.308
50561,147.1,6.80,159,1334,396,5.308
50568,144.9,6.90,159,1334,396,5.308
50575,142.9,7.00,159,1334,396,5.308
50582,144.9,6.90,159,1334,396,5.308
50589,142.9,7.00,159,1334,396,5.308
50596,144.9,6.90,159,1334,396,5.308
50603,142.9,7.00,159,1334,396,5.308
50610,144.9,6.90,159,1334,396,5.243
50617,144.9,6.90,159,1334,396,5.243
50624,142.9,7.00,159,1334,396,5.243
50631,142.9,7.00,159,1334,396,5.243
50638,147.1,6.80,159,1334,396,5.308
50645,142.9,7.00,159,1334,396,5.308
50652,140.8,7.10,159,1334,396,5.308
50659,147.1,6.80,159,1334,396,5.308
50666,142.9,7.00,159,1334,396,5.243
50672,144.9,6.90,159,1334,396,5.243
50679,142.9,7.00,159,1334,396,5.243
50686,142.9,7.00,159,1334,396,5.243
50693,149.3,6.70,159,1334,396,5.243
50700,142.9,7.00,159,1334,396,5.243
50707,142.9,7.00,159,1334,396,5.243
50714,142.9,7.00,159,1334,396,5.243
50721,144.9,6.90,159,1334,396,5.308
50728,142.9,7.00,159,1334,396,5.308
50735,142.9,7.00,159,1334,396,5.308
50742,144.9,6.90,159,1334,396,5.308
50749,144.9,6.90,159,1334,396,5.243
50756,142.9,7.00,159,1334,396,5.243
50763,144.9,6.90,159,1334,396,5.243
50770,144.9,6.90,159,1334,396,5.243
50777,144.9,6.90,159,1334,396,5.243
50784,142.9,7.00,159,1334,396,5.243
50791,142.9,7.00,159,1334,396,5.243
50798,140.8,7.10,159,1334,396,5.243
50804,147.1,6.80,159,1334,396,5.243
50811,144.9,6.90,159,1334,396,5.243
50818,147.1,6.80,159,1334,396,5.243
50825,140.8,7.10,159,1334,396,5.243
50832,147.1,6.80,158,1334,396,5.243
50839,142.9,7.00,158,1334,396,5.243
50846,142.9,7.00,158,1334,396,5.243
50853,144.9,6.90,158,1334,396,5.243
50860,142.9,7.00,158,1334,396,5.243
50867,144.9,6.90,158,1334,396,5.243
50874,144.9,6.90,158,1334,396,5.243
50881,142.9,7.00,158,1334,396,5.243
50888,142.9,7.00,158,1334,396,5.243
50895,144.9,6.90,158,1334,396,5.243
50902,144.9,6.90,158,1334,396,5.243
50909,140.8,7.10,158,1334,396,5.177
50916,144.9,6.90,158,1334,396,5.177
50922,147.1,6.80,158,1334,396,5.177
50930,138.9,7.20,158,1334,396,5.177
50937,137.0,7.30,158,1334,396,5.177
50943,153.8,6.50,158,1334,396,5.177
50950,142.9,7.00,158,1334,396,5.177
50957,147.1,6.80,158,1334,396,5.177
50964,142.9,7.00,158,1334,396,5.243
50971,147.1,6.80,158,1334,396,5.243
50978,138.9,7.20,158,1334,396,5.243
50985,149.3,6.70,158,1334,396,5.243
50992,142.9,7.00,158,1334,396,5.177
50999,142.9,7.00,158,1334,396,5.177
51006,144.9,6.90,158,1334,396,5.177
51013,142.9,7.00,158,1334,396,5.177
51020,142.9,7.00,158,1334,396,5.243
51027,147.1,6.80,158,1334,396,5.243
51033,144.9,6.90,158,1334,396,5.243
51040,142.9,7.00,158,1334,396,5.243
51047,144.9,6.90,157,1334,396,5.177
51054,144.9,6.90,157,1334,396,5.177
51061,140.8,7.10,157,1334,396,5.177
51068,144.9,6.90,157,1334,396,5.177
51075,144.9,6.90,157,1334,396,5.177
51082,140.8,7.10,157,1334,396,5.177
51089,140.8,7.10,157,1334,396,5.177
51096,147.1,6.80,157,1334,396,5.177
51103,144.9,6.90,157,1334,396,5.243
51110,147.1,6.80,157,1334,396,5.243
51117,142.9,7.00,157,1334,396,5.243
51124,142.9,7.00,157,1334,396,5.243
51131,144.9,6.90,157,1334,396,5.243
51138,144.9,6.90,157,1334,396,5.243
51145,142.9,7.00,157,1334,396,5.243
51152,138.9,7.20,157,1334,396,5.243
51159,147.1,6.80,157,1334,396,5.243
51166,144.9,6.90,157,1334,396,5.243
51172,147.1,6.80,157,1334,396,5.243
51179,142.9,7.00,158,1334,396,5.243
51186,144.9,6.90,158,1334,396,5.243
51193,144.9,6.90,158,1334,396,5.243
51200,144.9,6.90,158,1334,396,5.243
51207,142.9,7.00,158,1334,396,5.308
51214,144.9,6.90,158,1334,396,5.308
51221,142.9,7.00,158,1334,396,5.308
51228,142.9,7.00,158,1334,396,5.308
51235,147.1,6.80,158,1334,396,5.243
51242,140.8,7.10,158,1334,396,5.243
51249,144.9,6.90,157,1334,396,5.243
51256,140.8,7.10,157,1334,396,5.243
51263,144.9,6.90,157,1334,396,5.243
51270,147.1,6.80,157,1334,396,5.243
51277,144.9,6.90,157,1334,396,5.243
51284,140.8,7.10,157,1334,396,5.243
51291,142.9,7.00,157,1334,396,5.243
51298,144.9,6.90,157,1334,396,5.243
51304,147.1,6.80,157,1334,396,5.243
51311,144.9,6.90,157,1334,396,5.243
51318,142.9,7.00,157,1334,396,5.243
51325,142.9,7.00,157,1334,396,5.243
51332,144.9,6.90,156,1334,396,5.243
51339,142.9,7.00,156,1334,396,5.243
51346,142.9,7.00,156,1334,396,5.243
51353,138.9,7.20,156,1334,396,5.243
51360,149.3,6.70,156,1334,396,5.243
51367,144.9,6.90,156,1334,396,5.308
51374,149.3,6.70,156,1334,396,5.308
51381,140.8,7.10,156,1334,396,5.308
51388,144.9,6.90,156,1334,396,5.308
51395,142.9,7.00,156,1334,396,5.243
51402,142.9,7.00,156,1334,396,5.243
51409,147.1,6.80,156,1334,396,5.243
51415,147.1,6.80,156,1334,396,5.243
51422,140.8,7.10,156,1334,396,5.243
51429,142.9,7.00,156,1334,396,5.243
51436,147.1,6.80,156,1334,396,5.243
51443,140.8,7.10,156,1334,396,5.243
51450,140.8,7.10,156,1334,396,5.243
51457,149.3,6.70,156,1334,396,5.243
51464,147.1,6.80,156,1334,396,5.243
51471,138.9,7.20,156,1334,396,5.243
51478,147.1,6.80,156,1334,396,5.177
51485,144.9,6.90,156,1334,396,5.177
51492,144.9,6.90,156,1334,396,5.177
51499,142.9,7.00,156,1334,396,5.177
51506,142.9,7.00,156,1334,396,5.112
51513,144.9,6.90,156,1334,396,5.112
51520,142.9,7.00,156,1334,396,5.112
51527,142.9,7.00,156,1334,396,5.112
51533,147.1,6.80,156,1334,396,5.177
51541,138.9,7.20,156,1334,396,5.177
51547,147.1,6.80,156,1334,396,5.177
51554,142.9,7.00,156,1334,396,5.177
51561,144.9,6.90,156,1334,396,5.177
51568,147.1,6.80,156,1334,396,5.177
51575,140.8,7.10,155,1334,396,5.177
51582,144.9,6.90,155,1334,396,5.177
51589,144.9,6.90,155,1334,396,5.243
51596,144.9,6.90,155,1334,396,5.243
51603,138.9,7.20,155,1334,396,5.243
51610,147.1,6.80,155,1334,396,5.243
51617,137.0,7.30,155,1334,396,5.177
51624,151.5,6.60,155,1334,396,5.177
51631,144.9,6.90,155,1334,396,5.177
51638,142.9,7.00,154,1334,396,5.177
51645,142.9,7.00,154,1334,396,5.243
51652,144.9,6.90,154,1334,396,5.243
51659,144.9,6.90,154,1334,396,5.243
51666,140.8,7.10,154,1334,396,5.243
51672,147.1,6.80,154,1334,396,5.243
51679,142.9,7.00,153,1334,396,5.243
51686,144.9,6.90,153,1334,396,5.243
51693,147.1,6.80,153,1334,396,5.243
51700,142.9,7.00,153,1334,396,5.243
51707,142.9,7.00,153,1334,396,5.243
51714,144.9,6.90,153,1334,396,5.243
51721,142.9,7.00,153,1334,396,5.243
51728,144.9,6.90,153,1334,396,5.243
51735,142.9,7.00,153,1334,396,5.243
51742,142.9,7.00,152,1334,396,5.243
51749,144.9,6.90,152,1334,396,5.243
51756,144.9,6.90,152,1334,396,5.177
51763,137.0,7.30,152,1334,396,5.177
51770,149.3,6.70,151,1334,396,5.177
51777,147.1,6.80,151,1334,396,5.177
51784,142.9,7.00,151,1334,396,5.177
51791,142.9,7.00,151,1334,396,5.177
51797,144.9,6.90,151,1334,396,5.177
51804,144.9,6.90,151,1334,396,5.177
51811,144.9,6.90,151,1334,396,5.243
51818,142.9,7.00,151,1334,396,5.243
51825,142.9,7.00,151,1334,396,5.243
51832,147.1,6.80,151,1334,396,5.243
51839,144.9,6.90,151,1334,396,5.243
51846,142.9,7.00,151,1334,396,5.243
51853,142.9,7.00,151,1334,396,5.243
51860,144.9,6.90,151,1334,396,5.243
51867,142.9,7.00,151,1334,396,5.308
51874,147.1,6.80,151,1334,396,5.308
51881,140.8,7.10,151,1334,396,5.308
51888,144.9,6.90,151,1334,396,5.308
51895,144.9,6.90,151,1334,396,5.308
51902,138.9,7.20,151,1334,396,5.308
51909,147.1,6.80,151,1334,396,5.308
51915,147.1,6.80,151,1334,396,5.308
51922,140.8,7.10,151,1334,396,5.308
51929,147.1,6.80,151,1334,396,5.308
51936,142.9,7.00,151,1334,396,5.308
51943,144.9,6.90,151,1334,396,5.308
51950,142.9,7.00,151,1334,396,5.308
51957,144.9,6.90,150,1334,396,5.308
51964,140.8,7.10,150,1334,396,5.308
51971,144.9,6.90,150,1334,396,5.308
51978,140.8,7.10,150,1334,396,5.308
51985,149.3,6.70,150,1334,396,5.308
51992,140.8,7.10,150,1334,396,5.308
51999,142.9,7.00,150,1334,396,5.308
52006,147.1,6.80,150,1334,396,5.308
52013,142.9,7.00,150,1334,396,5.308
52020,142.9,7.00,149,1334,396,5.308
52027,147.1,6.80,149,1334,396,5.308
52033,144.9,6.90,149,1334,396,5.308
52041,140.8,7.10,149,1334,396,5.308
52047,144.9,6.90,149,1334,396,5.308
52054,142.9,7.00,149,1334,396,5.308
52061,144.9,6.90,149,1334,396,5.243
52068,142.9,7.00,149,1334,396,5.243
52075,147.1,6.80,149,1334,396,5.243
52082,144.9,6.90,148,1334,396,5.243
52089,140.8,7.10,148,1334,396,5.243
52096,147.1,6.80,148,1334,396,5.243
52103,144.9,6.90,148,1334,396,5.243
52110,142.9,7.00,148,1334,396,5.243
52117,140.8,7.10,148,1334,396,5.308
52124,147.1,6.80,148,1334,396,5.308
52131,140.8,7.10,148,1334,396,5.308
52138,144.9,6.90,148,1334,396,5.308
52145,144.9,6.90,148,1334,396,5.243
52152,142.9,7.00,148,1334,396,5.243
52159,144.9,6.90,148,1334,396,5.243
52165,144.9,6.90,148,1334,396,5.243
52172,142.9,7.00,148,1334,396,5.243
52179,142.9,7.00,148,1334,396,5.243
52186,142.9,7.00,148,1334,396,5.243
52193,147.1,6.80,148,1334,396,5.243
52200,142.9,7.00,148,1334,396,5.243
52207,142.9,7.00,148,1334,396,5.243
52214,144.9,6.90,148,1334,396,5.243
52221,140.8,7.10,148,1334,396,5.243
52228,147.1,6.80,148,1334,396,5.308
52235,144.9,6.90,148,1334,396,5.308
52242,142.9,7.00,148,1334,396,5.308
52249,147.1,6.80,148,1334,396,5.308
52256,138.9,7.20,148,1334,396,5.177
52263,144.9,6.90,148,1334,396,5.177
52270,147.1,6.80,148,1334,396,5.177
52277,144.9,6.90,148,1334,396,5.177
52284,142.9,7.00,148,1334,396,5.243
52291,142.9,7.00,148,1334,396,5.243
52298,142.9,7.00,148,1334,396,5.243
52304,144.9,6.90,148,1334,396,5.243
52311,142.9,7.00,148,1334,396,5.243
52318,144.9,6.90,148,1334,396,5.243
52325,147.1,6.80,148,1334,396,5.243
52332,142.9,7.00,148,1334,396,5.243
52339,147.1,6.80,148,1334,396,5.243
52346,138.9,7.20,148,1334,396,5.243
52353,147.1,6.80,148,1334,396,5.243
52360,144.9,6.90,148,1334,396,5.243
52367,142.9,7.00,148,1334,396,5.243
52374,142.9,7.00,148,1334,396,5.243
52381,142.9,7.00,148,1334,396,5.243
52388,147.1,6.80,148,1334,396,5.243
52395,144.9,6.90,148,1334,396,5.177
52402,142.9,7.00,148,1334,396,5.177
52408,147.1,6.80,148,1334,396,5.177
52415,140.8,7.10,148,1334,396,5.177
52423,140.8,7.10,148,1334,396,5.177
52429,147.1,6.80,148,1334,396,5.177
52436,142.9,7.00,148,1334,396,5.177
52443,142.9,7.00,148,1334,396,5.177
52450,147.1,6.80,148,1334,396,5.177
52457,140.8,7.10,148,1334,396,5.177
52464,138.9,7.20,148,1334,396,5.177
52471,149.3,6.70,148,1334,396,5.177
52478,144.9,6.90,148,1334,396,5.177
52485,147.1,6.80,148,1334,396,5.177
52492,142.9,7.00,148,1334,396,5.177
52499,144.9,6.90,148,1334,396,5.177
52506,140.8,7.10,148,1334,396,5.177
52513,144.9,6.90,148,1334,396,5.177
52520,142.9,7.00,148,1334,396,5.177
52527,147.1,6.80,148,1334,396,5.177
52534,142.9,7.00,148,1334,396,5.177
52541,142.9,7.00,148,1334,396,5.177
52547,144.9,6.90,148,1334,396,5.177
52554,142.9,7.00,148,1334,396,5.177
52561,142.9,7.00,148,1334,396,5.243
52568,144.9,6.90,148,1334,396,5.243
52575,142.9,7.00,148,1334,396,5.243
52582,147.1,6.80,148,1334,396,5.243
52589,144.9,6.90,148,1334,396,5.177
52596,142.9,7.00,148,1334,396,5.177
52603,144.9,6.90,148,1334,396,5.177
52610,144.9,6.90,148,1334,396,5.177
52617,144.9,6.90,148,1334,396,5.112
52624,140.8,7.10,148,1334,396,5.112
52631,147.1,6.80,148,1334,396,5.112
52638,135.1,7.40,148,1334,396,5.112
52645,149.3,6.70,148,1334,396,5.177
52652,147.1,6.80,148,1334,396,5.177
52658,144.9,6.90,148,1334,396,5.177
52666,135.1,7.40,148,1334,396,5.177
52672,151.5,6.60,148,1334,396,5.177
52679,142.9,7.00,148,1334,396,5.177
52686,147.1,6.80,148,1334,396,5.177
52693,140.8,7.10,148,1334,396,5.177
52701,137.0,7.30,147,1334,396,5.177
52709,126.6,7.90,147,1334,396,5.177
52714,175.4,5.70,147,1334,396,5.177
52721,147.1,6.80,147,1334,396,5.177
52728,144.9,6.90,147,1334,396,5.177
52735,144.9,6.90,147,1334,396,5.177
52742,142.9,7.00,147,1334,396,5.177
52749,147.1,6.80,145,1334,396,5.177
52756,142.9,7.00,145,1334,396,5.177
52763,144.9,6.90,145,1334,396,5.177
52770,142.9,7.00,145,1334,396,5.177
52777,142.9,7.00,145,1334,396,5.177
52784,142.9,7.00,145,1334,396,5.112
52790,147.1,6.80,145,1334,396,5.112
52797,144.9,6.90,145,1334,396,5.112
52804,140.8,7.10,145,1334,396,5.112
52811,144.9,6.90,144,1334,396,5.177
52818,140.8,7.10,143,1334,396,5.177
52825,149.3,6.70,143,1334,396,5.177
52832,142.9,7.00,142,1334,396,5.177
52839,144.9,6.90,142,1334,396,5.177
52846,144.9,6.90,142,1334,396,5.177
52853,140.8,7.10,142,1334,396,5.177
52860,144.9,6.90,142,1334,396,5.177
52867,144.9,6.90,142,1334,396,5.177
52874,144.9,6.90,142,1334,396,5.177
52881,140.8,7.10,142,1334,396,5.177
52888,142.9,7.00,142,1334,396,5.177
52895,144.9,6.90,142,1334,396,5.177
52902,144.9,6.90,142,1334,396,5.177
52909,142.9,7.00,142,1334,396,5.177
52916,142.9,7.00,142,1334,396,5.177
52922,149.3,6.70,142,1334,396,5.177
52929,142.9,7.00,141,1334,396,5.177
52936,140.8,7.10,141,1334,396,5.177
52943,147.1,6.80,141,1334,396,5.177
52950,138.9,7.20,141,1334,396,5.112
52957,147.1,6.80,141,1334,396,5.112
52964,142.9,7.00,141,1334,396,5.112
52971,140.8,7.10,140,1334,396,5.112
52978,147.1,6.80,140,1334,396,5.177
52985,147.1,6.80,139,1334,396,5.177
52992,142.9,7.00,138,1334,396,5.177
52999,144.9,6.90,138,1334,396,5.177
53006,142.9,7.00,139,1334,396,5.177
53013,144.9,6.90,139,1334,396,5.177
53020,144.9,6.90,139,1334,396,5.177
53027,140.8,7.10,139,1334,396,5.177
53034,144.9,6.90,139,1334,396,5.177
53041,142.9,7.00,139,1334,396,5.177
53047,147.1,6.80,139,1334,396,5.177
53054,142.9,7.00,139,1334,396,5.177
53061,144.9,6.90,139,1334,396,5.243
53068,142.9,7.00,139,1334,396,5.243
53075,142.9,7.00,139,1334,396,5.243
53082,142.9,7.00,139,1334,396,5.243
53089,144.9,6.90,138,1334,396,5.308
53096,144.9,6.90,138,1334,396,5.308
53103,142.9,7.00,138,1334,396,5.308
53110,142.9,7.00,137,1334,396,5.308
53117,149.3,6.70,137,1334,396,5.243
53124,142.9,7.00,137,1334,396,5.243
53131,140.8,7.10,137,1334,396,5.243
53138,144.9,6.90,137,1334,396,5.243
53145,147.1,6.80,135,1334,396,5.243
53151,144.9,6.90,135,1334,396,5.243
53158,142.9,7.00,135,1334,396,5.243
53165,142.9,7.00,135,1334,396,5.243
53172,142.9,7.00,135,1334,396,5.243
53179,147.1,6.80,135,1334,396,5.243
53186,144.9,6.90,135,1334,396,5.243
53193,140.8,7.10,135,1334,396,5.243
53200,144.9,6.90,135,1334,396,5.243
53207,142.9,7.00,134,1334,396,5.243
53214,144.9,6.90,134,1334,396,5.243
53221,144.9,6.90,134,1334,396,5.243
53228,142.9,7.00,134,1334,396,5.177
53235,144.9,6.90,134,1334,396,5.177
53242,140.8,7.10,134,1334,396,5.177
53249,147.1,6.80,134,1334,396,5.177
53256,144.9,6.90,134,1334,396,5.243
53263,140.8,7.10,133,1334,396,5.243
53270,144.9,6.90,133,1334,396,5.243
53277,142.9,7.00,133,1334,396,5.243
53284,144.9,6.90,133,1334,396,5.177
53291,142.9,7.00,133,1334,396,5.177
53297,147.1,6.80,133,1334,396,5.177
53304,144.9,6.90,132,1334,396,5.177
53311,144.9,6.90,132,1334,396,5.112
53318,142.9,7.00,131,1334,396,5.112
53325,140.8,7.10,131,1334,396,5.112
53332,147.1,6.80,131,1334,396,5.112
53339,140.8,7.10,131,1334,396,5.177
53346,149.3,6.70,131,1334,396,5.177
53353,137.0,7.30,131,1334,396,5.177
53360,147.1,6.80,131,1334,396,5.177
53367,144.9,6.90,131,1334,396,5.177
53374,137.0,7.30,131,1334,396,5.177
53381,153.8,6.50,131,1334,396,5.177
53388,140.8,7.10,130,1334,396,5.177
53395,144.9,6.90,131,1334,396,5.112
53402,144.9,6.90,131,1334,396,5.112
53409,142.9,7.00,131,1334,396,5.112
53415,144.9,6.90,131,1334,396,5.112
53422,144.9,6.90,131,1334,396,5.112
53429,140.8,7.10,131,1334,396,5.112
53436,147.1,6.80,132,1334,396,5.112
53443,144.9,6.90,132,1334,396,5.112
53450,140.8,7.10,132,1334,396,5.112
53457,147.1,6.80,132,1334,396,5.112
53464,147.1,6.80,132,1334,396,5.112
53471,140.8,7.10,132,1334,396,5.112
53478,138.9,7.20,132,1334,396,5.046
53485,151.5,6.60,132,1334,396,5.046
53492,140.8,7.10,132,1334,396,5.046
53499,142.9,7.00,132,1334,396,5.046
53506,147.1,6.80,132,1334,396,5.112
53513,138.9,7.20,132,1334,396,5.112
53520,142.9,7.00,132,1334,396,5.112
53527,147.1,6.80,132,1334,396,5.112
53534,144.9,6.90,132,1334,396,5.112
53540,144.9,6.90,132,1334,396,5.112
53547,144.9,6.90,131,1334,396,5.112
53554,142.9,7.00,130,1334,396,5.112
53561,142.9,7.00,130,1334,396,5.112
53568,142.9,7.00,130,1334,396,5.112
53576,137.0,7.30,129,1334,396,5.112
53582,151.5,6.60,128,1334,396,5.112
53589,144.9,6.90,128,1334,396,5.046
53596,144.9,6.90,128,1334,396,5.046
53603,144.9,6.90,128,1334,396,5.046
53610,142.9,7.00,128,1334,396,5.046
53617,144.9,6.90,128,1334,396,4.981
53624,142.9,7.00,128,1334,396,4.981
53631,142.9,7.00,126,1334,396,4.981
53638,144.9,6.90,125,1334,396,4.981
53645,144.9,6.90,125,1334,396,4.981
53652,142.9,7.00,125,1334,396,4.981
53659,144.9,6.90,125,1334,396,4.981
53666,142.9,7.00,125,1334,396,4.981
53673,140.8,7.10,125,1334,396,5.112
53680,140.8,7.10,125,1334,396,5.112
53686,149.3,6.70,125,1334,396,5.112
53693,142.9,7.00,125,1334,396,5.112
53700,144.9,6.90,125,1334,396,5.112
53707,147.1,6.80,125,1334,396,5.112
53714,142.9,7.00,125,1334,396,5.112
53721,147.1,6.80,125,1334,396,5.112
53728,142.9,7.00,125,1334,396,5.046
53735,144.9,6.90,125,1334,396,5.046
53742,138.9,7.20,125,1334,396,5.046
53749,147.1,6.80,126,1334,396,5.046
53756,147.1,6.80,126,1334,396,5.046
53763,144.9,6.90,125,1334,396,5.046
53770,137.0,7.30,125,1334,396,5.046
53777,140.8,7.10,125,1334,396,5.046
53784,149.3,6.70,125,1334,396,4.981
53790,147.1,6.80,124,1334,396,4.981
53797,144.9,6.90,124,1334,396,4.981
53804,142.9,7.00,124,1334,396,4.981
53811,147.1,6.80,123,1334,396,4.981
53818,140.8,7.10,123,1334,396,4.981
53825,144.9,6.90,124,1334,396,4.981
53832,147.1,6.80,124,1334,396,4.981
53839,138.9,7.20,124,1334,396,4.981
53846,144.9,6.90,124,1334,396,4.981
53853,144.9,6.90,124,1334,396,4.981
53860,144.9,6.90,123,1334,396,4.981
53867,140.8,7.10,123,1334,396,4.981
53874,147.1,6.80,123,1334,396,4.981
53881,142.9,7.00,123,1334,396,4.981
53888,144.9,6.90,123,1334,396,4.981
53895,140.8,7.10,123,1334,396,4.915
53902,147.1,6.80,123,1334,396,4.915
53909,140.8,7.10,123,1334,396,4.915
53916,144.9,6.90,123,1334,396,4.915
53922,147.1,6.80,123,1334,396,4.915
53929,142.9,7.00,123,1334,396,4.915
53937,137.0,7.30,123,1334,396,4.915
53943,151.5,6.60,123,1334,396,4.915
53950,144.9,6.90,123,1334,396,4.915
53957,138.9,7.20,123,1334,396,4.915
53964,149.3,6.70,123,1334,396,4.915
53971,144.9,6.90,123,1334,396,4.915
53979,129.9,7.70,123,1334,396,4.850
53985,158.7,6.30,123,1334,396,4.850
53992,142.9,7.00,123,1334,396,4.850
53999,147.1,6.80,123,1334,396,4.850
54006,137.0,7.30,123,1334,396,4.850
54013,151.5,6.60,123,1334,396,4.850
54020,140.8,7.10,123,1334,396,4.850
54027,144.9,6.90,123,1334,396,4.850
54034,142.9,7.00,123,1334,396,4.850
54040,149.3,6.70,123,1334,396,4.850
54048,138.9,7.20,123,1334,396,4.850
54055,140.8,7.10,123,1334,396,4.850
54062,144.9,6.90,123,1334,396,4.719
54068,144.9,6.90,123,1334,396,4.719
54075,151.5,6.60,123,1334,396,4.719
54082,138.9,7.20,123,1334,396,4.719
54089,144.9,6.90,123,1334,396,4.784
54096,147.1,6.80,123,1334,396,4.784
54103,144.9,6.90,123,1334,396,4.784
54110,140.8,7.10,123,1334,396,4.784
54117,142.9,7.00,123,1334,396,4.784
54124,149.3,6.70,123,1334,396,4.784
54131,138.9,7.20,123,1334,396,4.784
54138,149.3,6.70,123,1334,396,4.784
54145,137.0,7.30,123,1334,396,4.719
54152,149.3,6.70,123,1334,396,4.719
54159,140.8,7.10,122,1334,396,4.719
54166,142.9,7.00,122,1334,396,4.719
54173,142.9,7.00,122,1334,396,4.719
54180,142.9,7.00,122,1334,396,4.719
54186,149.3,6.70,122,1334,396,4.719
54193,144.9,6.90,122,1334,396,4.719
54201,131.6,7.60,122,1334,396,4.653
54207,158.7,6.30,122,1334,396,4.653
54214,138.9,7.20,122,1334,396,4.653
54221,151.5,6.60,122,1334,396,4.653
54228,137.0,7.30,122,1334,396,4.719
54235,147.1,6.80,122,1334,396,4.719
54242,142.9,7.00,122,1334,396,4.719
54249,147.1,6.80,121,1334,396,4.719
54256,138.9,7.20,121,1334,396,4.653
54263,149.3,6.70,121,1334,396,4.653
54270,140.8,7.10,121,1334,396,4.653
54277,144.9,6.90,121,1334,396,4.653
54284,142.9,7.00,121,1334,396,4.653
54291,144.9,6.90,120,1334,396,4.653
54297,149.3,6.70,120,1334,396,4.653
54304,140.8,7.10,120,1334,396,4.653
54312,140.8,7.10,120,1334,396,4.588
54318,147.1,6.80,120,1334,396,4.588
54326,138.9,7.20,120,1334,396,4.588
54332,153.8,6.50,120,1334,396,4.588
54339,140.8,7.10,120,1334,396,4.588
54346,140.8,7.10,120,1334,396,4.588
54353,144.9,6.90,120,1334,396,4.588
54360,147.1,6.80,120,1334,396,4.588
54367,140.8,7.10,120,1334,396,4.588
54374,147.1,6.80,120,1334,396,4.588
54381,138.9,7.20,120,1334,396,4.588
54388,151.5,6.60,120,1334,396,4.588
54395,138.9,7.20,120,1334,396,4.653
54402,147.1,6.80,120,1334,396,4.653
54409,142.9,7.00,119,1334,396,4.653
54415,147.1,6.80,119,1334,396,4.653
54423,140.8,7.10,119,1334,396,4.522
54429,144.9,6.90,119,1334,396,4.522
54436,142.9,7.00,119,1334,396,4.522
54443,147.1,6.80,119,1334,396,4.522
54450,138.9,7.20,119,1334,396,4.522
54457,149.3,6.70,119,1334,396,4.522
54464,140.8,7.10,119,1334,396,4.522
54471,140.8,7.10,120,1334,396,4.522
54478,144.9,6.90,120,1334,396,4.588
54485,156.2,6.40,120,1334,396,4.588
54492,135.1,7.40,119,1334,396,4.588
54499,149.3,6.70,119,1334,396,4.588
54506,142.9,7.00,119,1334,396,4.522
54513,142.9,7.00,119,1334,396,4.522
54520,147.1,6.80,119,1334,396,4.522
54527,137.0,7.30,119,1334,396,4.522
54534,142.9,7.00,119,1334,396,4.588
54540,153.8,6.50,119,1334,396,4.588
54548,137.0,7.30,119,1334,396,4.588
54554,149.3,6.70,119,1334,396,4.588
54562,138.9,7.20,119,1334,396,4.588
54568,147.1,6.80,119,1334,396,4.588
54575,142.9,7.00,119,1334,396,4.588
54582,142.9,7.00,119,1334,396,4.588
54589,142.9,7.00,119,1334,396,4.522
54596,151.5,6.60,119,1334,396,4.522
54603,135.1,7.40,119,1334,396,4.522
54610,153.8,6.50,119,1334,396,4.522
54617,137.0,7.30,119,1334,396,4.522
54624,151.5,6.60,119,1334,396,4.522
54631,138.9,7.20,119,1334,396,4.522
54638,144.9,6.90,119,1334,396,4.522
54645,142.9,7.00,118,1334,396,4.456
54652,144.9,6.90,118,1334,396,4.456
54659,140.8,7.10,118,1334,396,4.456
54666,144.9,6.90,118,1334,396,4.456
54673,144.9,6.90,118,1334,396,4.522
54680,144.9,6.90,118,1334,396,4.522
54686,147.1,6.80,118,1334,396,4.522
54693,142.9,7.00,118,1334,396,4.522
54700,140.8,7.10,118,1334,396,4.456
54707,147.1,6.80,118,1334,396,4.456
54714,138.9,7.20,118,1334,396,4.456
54721,151.5,6.60,118,1334,396,4.456
54728,140.8,7.10,118,1334,396,4.391
54735,142.9,7.00,118,1334,396,4.391
54742,138.9,7.20,118,1334,396,4.391
54749,156.3,6.40,118,1334,396,4.391
54756,137.0,7.30,118,1334,396,4.456
54763,149.3,6.70,117,1334,396,4.456
54770,138.9,7.20,117,1334,396,4.456
54777,144.9,6.90,117,1334,396,4.456
54784,144.9,6.90,117,1334,396,4.391
54790,149.3,6.70,117,1334,396,4.391
54797,142.9,7.00,117,1334,396,4.391
54805,140.8,7.10,118,1334,396,4.391
54811,144.9,6.90,117,1334,396,4.391
54818,144.9,6.90,117,1334,396,4.391
54825,144.9,6.90,117,1334,396,4.391
54832,140.8,7.10,116,1334,396,4.391
54839,144.9,6.90,117,1334,396,4.456
54846,142.9,7.00,116,1334,396,4.456
54853,147.1,6.80,116,1334,396,4.456
54860,142.9,7.00,116,1334,396,4.456
54867,138.9,7.20,116,1334,396,4.456
54874,153.8,6.50,116,1334,396,4.456
54881,135.1,7.40,116,1334,396,4.456
54888,151.5,6.60,116,1334,396,4.456
54895,144.9,6.90,116,1334,396,4.456
54902,140.8,7.10,115,1334,396,4.456
54909,144.9,6.90,115,1334,396,4.456
54916,142.9,7.00,116,1334,396,4.456
54923,138.9,7.20,116,1334,396,4.522
54929,153.8,6.50,116,1334,396,4.522
54936,142.9,7.00,116,1334,396,4.522
54944,138.9,7.20,116,1334,396,4.522
54951,142.9,7.00,116,1334,396,4.456
54957,153.8,6.50,115,1334,396,4.456
54964,138.9,7.20,115,1334,396,4.456
54971,142.9,7.00,115,1334,396,4.456
54978,142.9,7.00,115,1334,396,4.522
54985,142.9,7.00,115,1334,396,4.522
54992,140.8,7.10,114,1334,396,4.522
54999,153.8,6.50,114,1334,396,4.522
55006,140.8,7.10,114,1334,396,4.456
55013,147.1,6.80,114,1334,396,4.456
55019,149.3,6.70,114,1334,396,4.456
55027,137.0,7.30,114,1334,396,4.456
55034,144.9,6.90,113,1334,396,4.456
55040,147.1,6.80,113,1334,396,4.456
55047,144.9,6.90,113,1334,396,4.456
55055,135.1,7.40,113,1334,396,4.456
55061,153.8,6.50,113,1334,396,4.456
55068,142.9,7.00,113,1334,396,4.456
55075,142.9,7.00,113,1334,396,4.456
55082,142.9,7.00,113,1334,396,4.456
55089,140.8,7.10,113,1334,396,4.391
55096,149.3,6.70,113,1334,396,4.391
55103,142.9,7.00,113,1334,396,4.391
55110,144.9,6.90,113,1334,396,4.391
55117,140.8,7.10,113,1334,396,4.456
55124,144.9,6.90,113,1334,396,4.456
55131,142.9,7.00,113,1334,396,4.456
55138,144.9,6.90,113,1334,396,4.456
55145,140.8,7.10,113,1334,396,4.456
55152,149.3,6.70,113,1334,396,4.456
55159,140.8,7.10,113,1334,396,4.456
55166,147.1,6.80,113,1334,396,4.456
55173,142.9,7.00,113,1334,396,4.456
55180,140.8,7.10,113,1334,396,4.456
55187,144.9,6.90,113,1334,396,4.456
55193,149.3,6.70,113,1334,396,4.456
55200,138.9,7.20,113,1334,396,4.391
55207,144.9,6.90,112,1334,396,4.391
55214,147.1,6.80,112,1334,396,4.391
55221,142.9,7.00,112,1334,396,4.391
55228,140.8,7.10,112,1334,396,4.391
55235,149.3,6.70,112,1334,396,4.391
55242,142.9,7.00,111,1334,396,4.391
55249,140.8,7.10,111,1334,396,4.391
55256,142.9,7.00,111,1334,396,4.391
55263,151.5,6.60,111,1334,396,4.391
55270,140.8,7.10,111,1334,396,4.391
55277,144.9,6.90,110,1334,396,4.391
55284,140.8,7.10,110,1334,396,4.391
55291,144.9,6.90,110,1334,396,4.391
55298,144.9,6.90,110,1334,396,4.391
55304,144.9,6.90,110,1334,396,4.391
55312,140.8,7.10,110,1334,396,4.391
55319,142.9,7.00,110,1334,396,4.391
55325,151.5,6.60,109,1334,396,4.391
55332,138.9,7.20,109,1334,396,4.391
55339,140.8,7.10,109,1334,396,4.325
55346,151.5,6.60,109,1334,396,4.325
55353,142.9,7.00,109,1334,396,4.325
55360,142.9,7.00,109,1334,396,4.325
55367,144.9,6.90,109,1334,396,4.391
55374,142.9,7.00,109,1334,396,4.391
55381,144.9,6.90,109,1334,396,4.391
55388,144.9,6.90,108,1334,396,4.391
55395,140.8,7.10,108,1334,396,4.391
55402,144.9,6.90,108,1334,396,4.391
55409,144.9,6.90,108,1334,396,4.391
55416,142.9,7.00,108,1334,396,4.391
55423,140.8,7.10,108,1334,396,4.391
55429,149.3,6.70,108,1334,396,4.391
55436,144.9,6.90,108,1334,396,4.391
55443,140.8,7.10,108,1334,396,4.391
55450,142.9,7.00,108,1334,396,4.391
55457,144.9,6.90,108,1334,396,4.391
55464,142.9,7.00,108,1334,396,4.391
55471,147.1,6.80,106,1334,396,4.391
55478,140.8,7.10,106,1334,396,4.391
55485,149.3,6.70,106,1334,396,4.391
55492,140.8,7.10,106,1334,396,4.391
55499,147.1,6.80,106,1334,396,4.391
55506,137.0,7.30,106,1334,396,4.456
55513,153.8,6.50,105,1334,396,4.456
55520,140.8,7.10,105,1334,396,4.456
55527,142.9,7.00,105,1334,396,4.456
55534,144.9,6.90,105,1334,396,4.456
55541,142.9,7.00,105,1334,396,4.456
55548,142.9,7.00,105,1334,396,4.456
55554,149.3,6.70,105,1334,396,4.456
55561,140.8,7.10,105,1334,396,4.391
55568,144.9,6.90,104,1334,396,4.391
55575,142.9,7.00,104,1334,396,4.391
55582,142.9,7.00,103,1334,396,4.391
55589,144.9,6.90,103,1334,396,4.456
55596,144.9,6.90,102,1334,396,4.456
55603,138.9,7.20,102,1334,396,4.456
55610,147.1,6.80,102,1334,396,4.456
55617,144.9,6.90,102,1334,396,4.456
55624,144.9,6.90,102,1334,396,4.456
55631,144.9,6.90,102,1334,396,4.456
55638,140.8,7.10,102,1334,396,4.456
55645,142.9,7.00,102,1334,396,4.456
55652,149.3,6.70,102,1334,396,4.456
55659,140.8,7.10,102,1334,396,4.456
55665,149.3,6.70,102,1334,396,4.456
55673,140.8,7.10,102,1334,396,4.456
55680,142.9,7.00,102,1334,396,4.456
55687,142.9,7.00,102,1334,396,4.456
55693,147.1,6.80,102,1334,396,4.456
55700,140.8,7.10,102,1334,396,4.391
55707,147.1,6.80,102,1334,396,4.391
55714,140.8,7.10,102,1334,396,4.391
55721,151.5,6.60,101,1334,396,4.391
55728,140.8,7.10,100,1334,396,4.456
55735,138.9,7.20,100,1334,396,4.456
55742,140.8,7.10,100,1334,396,4.456
55749,156.3,6.40,99,1334,396,4.456
55756,138.9,7.20,98,1334,396,4.391
55763,144.9,6.90,97,1334,396,4.391
55770,142.9,7.00,96,1334,396,4.391
55777,144.9,6.90,96,1334,396,4.391
55784,144.9,6.90,96,1334,396,4.456
55791,142.9,7.00,96,1334,396,4.456
55798,142.9,7.00,96,1334,396,4.456
55804,149.3,6.70,96,1334,396,4.456
55812,138.9,7.20,97,1334,396,4.391
55818,144.9,6.90,97,1334,396,4.391
55825,142.9,7.00,97,1334,396,4.391
55832,144.9,6.90,96,1334,396,4.391
55839,144.9,6.90,96,1334,396,4.391
55846,142.9,7.00,96,1334,396,4.391
55853,144.9,6.90,96,1334,396,4.391
55860,142.9,7.00,96,1334,396,4.391
55867,147.1,6.80,96,1334,396,4.325
55874,142.9,7.00,96,1334,396,4.325
55881,149.3,6.70,96,1334,396,4.325
55888,138.9,7.20,95,1334,396,4.325
55895,144.9,6.90,95,1334,396,4.325
55902,144.9,6.90,95,1334,396,4.325
55909,140.8,7.10,95,1334,396,4.325
55916,147.1,6.80,95,1334,396,4.325
55923,142.9,7.00,95,1334,396,4.391
55930,142.9,7.00,95,1334,396,4.391
55937,138.9,7.20,95,1334,396,4.391
55944,144.9,6.90,95,1334,396,4.391
55950,153.8,6.50,95,1334,396,4.325
55957,140.8,7.10,95,1334,396,4.325
55964,144.9,6.90,95,1334,396,4.325
55971,140.8,7.10,95,1334,396,4.325
55978,147.1,6.80,96,1334,396,4.325
55985,144.9,6.90,96,1334,396,4.325
55992,138.9,7.20,96,1334,396,4.325
56016,42.0,23.80,96,1334,396,4.325
56022,161.3,6.20,95,1334,396,4.325
56027,222.2,4.50,95,1334,396,4.391
56033,147.1,6.80,95,1334,396,4.391
56041,137.0,7.30,95,1334,396,4.391
56048,147.1,6.80,95,1334,396,4.391
56054,144.9,6.90,95,1334,396,4.325
56061,142.9,7.00,95,1334,396,4.325
56068,142.9,7.00,95,1334,396,4.325
56075,149.3,6.70,94,1334,396,4.325
56082,140.8,7.10,94,1334,396,4.325
56089,142.9,7.00,94,1334,396,4.325
56096,144.9,6.90,94,1334,396,4.325
56103,140.8,7.10,94,1334,396,4.325
56110,147.1,6.80,94,1334,396,4.325
56117,144.9,6.90,94,1334,396,4.325
56124,142.9,7.00,94,1334,396,4.325
56131,140.8,7.10,95,1334,396,4.325
56138,144.9,6.90,95,1334,396,4.325
56145,149.3,6.70,95,1334,396,4.325
56152,138.9,7.20,95,1334,396,4.325
56159,142.9,7.00,95,1334,396,4.325
56166,147.1,6.80,95,1334,396,4.325
56173,144.9,6.90,95,1334,396,4.325
56179,144.9,6.90,95,1334,396,4.325
56187,140.8,7.10,95,1334,396,4.325
56193,147.1,6.80,95,1334,396,4.325
56200,144.9,6.90,95,1334,396,4.325
56208,137.0,7.30,95,1334,396,4.325
56214,151.5,6.60,95,1334,396,4.325
56221,140.8,7.10,95,1334,396,4.325
56228,147.1,6.80,95,1334,396,4.325
56235,140.8,7.10,95,1334,396,4.325
56242,140.8,7.10,95,1334,396,4.391
56249,151.5,6.60,96,1334,396,4.391
56256,140.8,7.10,96,1334,396,4.391
56263,147.1,6.80,96,1334,396,4.391
56270,142.9,7.00,96,1334,396,4.325
56277,142.9,7.00,96,1334,396,4.325
56284,144.9,6.90,96,1334,396,4.325
56291,142.9,7.00,96,1334,396,4.325
56298,144.9,6.90,96,1334,396,4.391
56305,137.0,7.30,95,1334,396,4.391
56311,153.8,6.50,94,1334,396,4.391
56318,140.8,7.10,94,1334,396,4.391
56325,144.9,6.90,94,1334,396,4.391
56332,147.1,6.80,94,1334,396,4.391
56339,144.9,6.90,94,1334,396,4.391
56347,133.3,7.50,94,1334,396,4.391
56353,151.5,6.60,94,1334,396,4.325
56360,140.8,7.10,94,1334,396,4.325
56367,151.5,6.60,94,1334,396,4.325
56374,140.8,7.10,94,1334,396,4.325
56381,144.9,6.90,94,1334,396,4.325
56388,142.9,7.00,94,1334,396,4.325
56395,140.8,7.10,94,1334,396,4.325
56402,147.1,6.80,94,1334,396,4.391
56409,142.9,7.00,94,1334,396,4.391
56415,149.3,6.70,94,1334,396,4.391
56423,140.8,7.10,94,1334,396,4.391
56429,144.9,6.90,94,1334,396,4.391
56436,144.9,6.90,94,1334,396,4.391
56443,140.8,7.10,94,1334,396,4.391
56450,144.9,6.90,94,1334,396,4.391
56457,142.9,7.00,94,1334,396,4.391
56464,144.9,6.90,94,1334,396,4.391
56471,140.8,7.10,94,1334,396,4.391
56478,151.5,6.60,94,1334,396,4.391
56485,138.9,7.20,93,1334,396,4.391
56492,147.1,6.80,93,1334,396,4.391
56499,147.1,6.80,95,1334,396,4.391
56506,140.8,7.10,95,1334,396,4.391
56513,147.1,6.80,95,1334,396,4.391
56520,137.0,7.30,95,1334,396,4.391
56527,149.3,6.70,95,1334,396,4.391
56534,144.9,6.90,95,1334,396,4.391
56540,144.9,6.90,95,1334,396,4.325
56547,142.9,7.00,95,1334,396,4.325
56555,138.9,7.20,95,1334,396,4.325
56562,144.9,6.90,95,1334,396,4.325
56568,147.1,6.80,95,1334,396,4.391
56575,142.9,7.00,95,1334,396,4.391
56582,144.9,6.90,95,1334,396,4.391
56589,144.9,6.90,95,1334,396,4.391
56596,142.9,7.00,95,1334,396,4.325
56603,142.9,7.00,95,1334,396,4.325
56610,142.9,7.00,95,1334,396,4.325
56617,147.1,6.80,95,1334,396,4.325
56624,144.9,6.90,95,1334,396,4.325
56631,144.9,6.90,95,1334,396,4.325
56638,140.8,7.10,95,1334,396,4.325
56645,147.1,6.80,95,1334,396,4.325
56652,142.9,7.00,95,1334,396,4.325
56659,140.8,7.10,95,1334,396,4.325
56666,147.1,6.80,95,1334,396,4.325
56673,142.9,7.00,95,1334,396,4.325
56679,144.9,6.90,95,1334,396,4.325
56686,151.5,6.60,95,1334,396,4.325
56693,135.1,7.40,95,1334,396,4.325
56700,142.9,7.00,95,1334,396,4.325
56707,144.9,6.90,95,1334,396,4.325
56714,142.9,7.00,95,1334,396,4.325
56721,149.3,6.70,95,1334,396,4.325
56728,140.8,7.10,95,1334,396,4.325
56735,142.9,7.00,95,1334,396,4.325
56742,144.9,6.90,95,1334,396,4.325
56749,142.9,7.00,95,1334,396,4.325
56756,140.8,7.10,95,1334,396,4.325
56763,149.3,6.70,95,1334,396,4.325
56770,144.9,6.90,95,1334,396,4.325
56777,147.1,6.80,95,1334,396,4.325
56784,140.8,7.10,95,1334,396,4.325
56791,144.9,6.90,95,1334,396,4.325
56798,140.8,7.10,95,1334,396,4.325
56805,140.8,7.10,95,1334,396,4.325
56811,151.5,6.60,95,1334,396,4.325
56818,142.9,7.00,95,1334,396,4.325
56826,138.9,7.20,95,1334,396,4.325
56832,149.3,6.70,96,1334,396,4.325
56839,142.9,7.00,96,1334,396,4.325
56846,144.9,6.90,96,1334,396,4.260
56869,43.7,22.90,94,1334,396,4.260
56890,48.1,20.80,94,1334,396,4.260
56894,217.4,4.60,94,1334,396,4.260
56901,142.9,7.00,94,1334,396,4.260
56909,137.0,7.30,94,1334,396,4.522
56916,144.9,6.90,94,1334,396,4.522
56922,147.1,6.80,95,1334,396,4.522
56929,142.9,7.00,95,1334,396,4.522
56936,144.9,6.90,95,1334,396,4.325
56943,142.9,7.00,94,1334,396,4.325
56950,140.8,7.10,94,1334,396,4.325
56957,153.8,6.50,94,1334,396,4.325
56964,140.8,7.10,94,1334,396,4.260
56971,144.9,6.90,94,1334,396,4.260
56978,142.9,7.00,94,1334,396,4.260
56985,147.1,6.80,93,1334,396,4.260
56992,142.9,7.00,93,1334,396,4.260
56999,133.3,7.50,93,1334,396,4.260
57006,153.8,6.50,93,1334,396,4.260
57013,144.9,6.90,93,1334,396,4.260
57020,138.9,7.20,93,1334,396,4.260
57027,149.3,6.70,93,1334,396,4.260
57034,142.9,7.00,93,1334,396,4.260
57041,140.8,7.10,93,1334,396,4.260
57047,147.1,6.80,93,1334,396,4.260
57054,142.9,7.00,93,1334,396,4.260
57061,144.9,6.90,93,1334,396,4.260
57068,140.8,7.10,94,1334,396,4.260
57075,144.9,6.90,94,1334,396,4.260
57082,144.9,6.90,94,1334,396,4.260
57089,142.9,7.00,94,1334,396,4.260
57096,149.3,6.70,94,1334,396,4.260
57103,140.8,7.10,94,1334,396,4.260
57110,140.8,7.10,94,1334,396,4.260
57117,149.3,6.70,93,1334,396,4.260
57124,140.8,7.10,93,1334,396,4.260
57131,140.8,7.10,93,1334,396,4.260
57138,147.1,6.80,93,1334,396,4.260
57145,142.9,7.00,94,1334,396,4.260
57152,144.9,6.90,95,1334,396,4.260
57159,144.9,6.90,95,1334,396,4.194
57166,142.9,7.00,95,1334,396,4.194
57172,147.1,6.80,95,1334,396,4.194
57179,142.9,7.00,95,1334,396,4.194
57186,147.1,6.80,95,1334,396,4.325
57194,135.1,7.40,95,1334,396,4.325
57200,149.3,6.70,95,1334,396,4.325
57207,142.9,7.00,95,1334,396,4.325
57214,147.1,6.80,95,1334,396,4.260
57221,142.9,7.00,95,1334,396,4.260
57228,142.9,7.00,95,1334,396,4.260
57235,142.9,7.00,95,1334,396,4.260
57242,149.3,6.70,95,1334,396,4.260
57249,138.9,7.20,95,1334,396,4.260
57256,147.1,6.80,95,1334,396,4.260
57263,142.9,7.00,95,1334,396,4.260
57270,147.1,6.80,95,1334,396,4.260
57277,138.9,7.20,95,1334,396,4.260
57284,144.9,6.90,95,1334,396,4.260
57291,144.9,6.90,95,1334,396,4.260
57298,144.9,6.90,95,1334,396,4.325
57305,142.9,7.00,96,1334,396,4.325
57312,142.9,7.00,96,1334,396,4.325
57318,147.1,6.80,96,1334,396,4.325
57325,144.9,6.90,97,1334,396,4.260
57332,142.9,7.00,97,1334,396,4.260
57339,140.8,7.10,97,1334,396,4.260
57346,144.9,6.90,97,1334,396,4.260
57353,147.1,6.80,97,1334,396,4.260
57360,144.9,6.90,97,1334,396,4.260
57367,142.9,7.00,97,1334,396,4.260
57374,137.0,7.30,97,1334,396,4.260
57381,144.9,6.90,97,1334,396,4.260
57388,149.3,6.70,97,1334,396,4.260
57395,142.9,7.00,97,1334,396,4.260
57402,142.9,7.00,97,1334,396,4.260
57409,149.3,6.70,97,1334,396,4.260
57415,144.9,6.90,96,1334,396,4.260
57423,140.8,7.10,96,1334,396,4.260
57429,147.1,6.80,95,1334,396,4.260
57436,142.9,7.00,95,1334,396,4.260
57443,142.9,7.00,96,1334,396,4.260
57450,142.9,7.00,96,1334,396,4.260
57457,147.1,6.80,95,1334,396,4.260
57464,147.1,6.80,95,1334,396,4.260
57471,138.9,7.20,96,1334,396,4.260
57478,144.9,6.90,96,1334,396,4.260
57485,144.9,6.90,96,1334,396,4.260
57492,142.9,7.00,96,1334,396,4.260
57499,142.9,7.00,96,1334,396,4.260
57506,144.9,6.90,96,1334,396,4.260
57513,142.9,7.00,96,1334,396,4.260
57520,144.9,6.90,96,1334,396,4.260
57527,144.9,6.90,96,1334,396,4.260
57534,142.9,7.00,96,1334,396,4.260
57541,142.9,7.00,96,1334,396,4.260
57548,140.8,7.10,96,1334,396,4.260
57554,153.8,6.50,96,1334,396,4.260
57561,140.8,7.10,96,1334,396,4.260
57568,142.9,7.00,96,1334,396,4.260
57575,144.9,6.90,96,1334,396,4.260
57582,142.9,7.00,96,1334,396,4.260
57589,144.9,6.90,96,1334,396,4.260
57596,142.9,7.00,97,1334,396,4.260
57603,142.9,7.00,98,1334,396,4.260
57610,142.9,7.00,98,1334,396,4.260
57617,147.1,6.80,98,1334,396,4.260
57624,142.9,7.00,98,1334,396,4.260
57631,142.9,7.00,98,1334,396,4.260
57638,147.1,6.80,98,1334,396,4.260
57645,142.9,7.00,98,1334,396,4.260
57652,144.9,6.90,98,1334,396,4.260
57659,140.8,7.10,98,1334,396,4.260
57666,142.9,7.00,98,1334,396,4.260
57673,144.9,6.90,98,1334,396,4.260
57679,147.1,6.80,98,1334,396,4.260
57686,144.9,6.90,98,1334,396,4.260
57693,142.9,7.00,98,1334,396,4.260
57700,142.9,7.00,97,1334,396,4.260
57707,142.9,7.00,97,1334,396,4.260
57714,144.9,6.90,97,1334,396,4.194
57721,144.9,6.90,97,1334,396,4.194
57728,144.9,6.90,97,1334,396,4.194
57735,142.9,7.00,97,1334,396,4.194
57742,144.9,6.90,97,1334,396,4.194
57749,142.9,7.00,97,1334,396,4.194
57756,144.9,6.90,97,1334,396,4.194
57763,144.9,6.90,97,1334,396,4.194
57770,144.9,6.90,97,1334,396,4.194
57777,140.8,7.10,97,1334,396,4.194
57784,140.8,7.10,97,1334,396,4.194
57791,144.9,6.90,97,1334,396,4.194
57798,144.9,6.90,97,1334,396,4.194
57805,144.9,6.90,97,1334,396,4.194
57812,140.8,7.10,97,1334,396,4.194
57818,153.8,6.50,97,1334,396,4.194
57826,135.1,7.40,97,1334,396,4.194
57832,149.3,6.70,97,1334,396,4.194
57839,144.9,6.90,97,1334,396,4.194
57846,140.8,7.10,97,1334,396,4.194
57853,144.9,6.90,97,1334,396,4.260
57860,144.9,6.90,97,1334,396,4.260
57867,147.1,6.80,97,1334,396,4.260
57874,140.8,7.10,97,1334,396,4.260
57881,138.9,7.20,97,1334,396,4.260
57888,147.1,6.80,97,1334,396,4.260
57895,147.1,6.80,97,1334,396,4.260
57902,144.9,6.90,97,1334,396,4.260
57909,137.0,7.30,97,1334,396,4.260
57915,153.8,6.50,97,1334,396,4.260
57922,142.9,7.00,97,1334,396,4.260
57930,140.8,7.10,97,1334,396,4.260
57937,140.8,7.10,97,1334,396,4.194
57943,151.5,6.60,97,1334,396,4.194
57950,140.8,7.10,96,1334,396,4.194
57957,142.9,7.00,96,1334,396,4.194
57964,142.9,7.00,96,1334,396,4.260
57971,149.3,6.70,96,1334,396,4.260
57978,142.9,7.00,96,1334,396,4.260
57985,142.9,7.00,96,1334,396,4.260
57992,144.9,6.90,96,1334,396,4.260
57999,140.8,7.10,96,1334,396,4.260
58006,147.1,6.80,96,1334,396,4.260
58013,140.8,7.10,96,1334,396,4.129
58019,153.8,6.50,96,1334,396,4.129
58027,140.8,7.10,96,1334,396,4.129
58034,142.9,7.00,96,1334,396,4.129
58040,144.9,6.90,96,1334,396,4.194
58047,142.9,7.00,96,1334,396,4.194
58054,147.1,6.80,96,1334,396,4.194
58061,140.8,7.10,96,1334,396,4.194
58068,142.9,7.00,96,1334,396,4.194
58075,144.9,6.90,96,1334,396,4.194
58082,147.1,6.80,96,1334,396,4.194
58089,142.9,7.00,96,1334,396,4.194
58096,140.8,7.10,96,1334,396,4.194
58103,144.9,6.90,96,1334,396,4.194
58110,140.8,7.10,96,1334,396,4.194
58117,147.1,6.80,96,1334,396,4.194
58124,144.9,6.90,96,1334,396,4.260
58131,144.9,6.90,96,1334,396,4.260
58138,140.8,7.10,96,1334,396,4.260
58145,140.8,7.10,96,1334,396,4.260
58152,149.3,6.70,96,1334,396,4.194
58159,140.8,7.10,96,1334,396,4.194
58166,144.9,6.90,96,1334,396,4.194
58173,142.9,7.00,96,1334,396,4.194
58180,142.9,7.00,96,1334,396,4.194
58186,147.1,6.80,96,1334,396,4.194
58193,144.9,6.90,96,1334,396,4.194
58200,142.9,7.00,96,1334,396,4.194
58207,144.9,6.90,96,1334,396,4.260
58214,144.9,6.90,96,1334,396,4.260
58221,144.9,6.90,96,1334,396,4.260
58228,140.8,7.10,96,1334,396,4.260
58235,144.9,6.90,96,1334,396,4.194
58242,144.9,6.90,96,1334,396,4.194
58249,142.9,7.00,96,1334,396,4.194
58256,142.9,7.00,95,1334,396,4.194
58263,144.9,6.90,95,1334,396,4.194
58270,144.9,6.90,95,1334,396,4.194
58277,147.1,6.80,95,1334,396,4.194
58284,142.9,7.00,95,1334,396,4.194
58291,142.9,7.00,95,1334,396,4.194
58298,142.9,7.00,95,1334,396,4.194
58304,144.9,6.90,95,1334,396,4.194
58311,144.9,6.90,95,1334,396,4.194
58318,140.8,7.10,95,1334,396,4.194
58325,142.9,7.00,95,1334,396,4.194
58332,147.1,6.80,95,1334,396,4.194
58339,142.9,7.00,95,1334,396,4.194
58346,147.1,6.80,95,1334,396,4.129
58353,142.9,7.00,95,1334,396,4.129
58360,140.8,7.10,95,1334,396,4.129
58367,144.9,6.90,95,1334,396,4.129
58374,144.9,6.90,95,1334,396,4.194
58381,144.9,6.90,95,1334,396,4.194
58388,142.9,7.00,95,1334,396,4.194
58395,144.9,6.90,95,1334,396,4.194
58402,144.9,6.90,95,1334,396,4.194
58409,144.9,6.90,95,1334,396,4.194
58415,144.9,6.90,95,1334,396,4.194
58423,140.8,7.10,95,1334,396,4.194
58430,142.9,7.00,95,1334,396,4.194
58436,144.9,6.90,95,1334,396,4.194
58443,147.1,6.80,95,1334,396,4.194
58450,142.9,7.00,95,1334,396,4.194
58457,147.1,6.80,95,1334,396,4.129
58464,140.8,7.10,95,1334,396,4.129
58471,142.9,7.00,95,1334,396,4.129
58478,142.9,7.00,95,1334,396,4.129
58485,144.9,6.90,95,1334,396,4.194
58492,142.9,7.00,95,1334,396,4.194
58499,147.1,6.80,95,1334,396,4.194
58506,144.9,6.90,95,1334,396,4.194
58513,140.8,7.10,95,1334,396,4.194
58520,144.9,6.90,95,1334,396,4.194
58527,144.9,6.90,95,1334,396,4.194
58534,138.9,7.20,95,1334,396,4.194
58541,149.3,6.70,95,1334,396,4.129
58548,142.9,7.00,95,1334,396,4.129
58554,147.1,6.80,95,1334,396,4.129
58561,142.9,7.00,95,1334,396,4.129
58568,144.9,6.90,95,1334,396,4.194
58575,144.9,6.90,95,1334,396,4.194
58582,140.8,7.10,95,1334,396,4.194
58589,147.1,6.80,95,1334,396,4.194
58596,142.9,7.00,95,1334,396,4.194
58603,142.9,7.00,95,1334,396,4.194
58610,144.9,6.90,95,1334,396,4.194
58617,142.9,7.00,95,1334,396,4.194
58624,142.9,7.00,95,1334,396,4.129
58631,142.9,7.00,95,1334,396,4.129
58638,144.9,6.90,95,1334,396,4.129
58645,144.9,6.90,95,1334,396,4.129
58652,144.9,6.90,95,1334,396,4.194
58659,142.9,7.00,95,1334,396,4.194
58666,142.9,7.00,94,1334,396,4.194
58673,144.9,6.90,94,1334,396,4.194
58680,142.9,7.00,94,1334,396,4.129
58687,131.6,7.60,94,1334,396,4.129
58693,163.9,6.10,94,1334,396,4.129
58700,140.8,7.10,94,1334,396,4.129
58707,147.1,6.80,94,1334,396,4.194
58714,138.9,7.20,94,1334,396,4.194
58721,147.1,6.80,94,1334,396,4.194
58728,142.9,7.00,94,1334,396,4.194
58735,144.9,6.90,94,1334,396,4.129
58742,142.9,7.00,94,1334,396,4.129
58749,142.9,7.00,94,1334,396,4.129
58756,147.1,6.80,94,1334,396,4.129
58763,142.9,7.00,94,1334,396,4.194
58770,140.8,7.10,94,1334,396,4.194
58777,151.5,6.60,94,1334,396,4.194
58784,140.8,7.10,94,1334,396,4.194
58790,147.1,6.80,94,1334,396,4.129
58797,142.9,7.00,94,1334,396,4.129
58804,142.9,7.00,94,1334,396,4.129
58811,147.1,6.80,94,1334,396,4.129
58818,138.9,7.20,94,1334,396,4.194
58825,144.9,6.90,94,1334,396,4.194
58832,144.9,6.90,94,1334,396,4.194
58839,142.9,7.00,94,1334,396,4.194
58846,147.1,6.80,94,1334,396,4.129
58853,142.9,7.00,94,1334,396,4.129
58860,144.9,6.90,94,1334,396,4.129
58867,142.9,7.00,94,1334,396,4.129
58874,144.9,6.90,94,1334,396,4.194
58881,142.9,7.00,94,1334,396,4.194
58888,142.9,7.00,94,1334,396,4.194
58895,144.9,6.90,94,1334,396,4.194
58902,144.9,6.90,93,1334,396,4.129
58909,142.9,7.00,93,1334,396,4.129
58916,142.9,7.00,93,1334,396,4.129
58923,144.9,6.90,93,1334,396,4.129
58929,147.1,6.80,93,1334,396,4.063
58937,138.9,7.20,93,1334,396,4.063
58943,149.3,6.70,93,1334,396,4.063
58950,144.9,6.90,93,1334,396,4.063
58957,140.8,7.10,92,1334,396,4.194
58964,140.8,7.10,92,1334,396,4.194
58971,147.1,6.80,92,1334,396,4.194
58978,144.9,6.90,92,1334,396,4.194
58985,144.9,6.90,92,1334,396,4.194
58992,144.9,6.90,92,1334,396,4.194
58999,142.9,7.00,92,1334,396,4.194
59006,144.9,6.90,92,1334,396,4.194
59013,142.9,7.00,92,1334,396,4.194
59020,138.9,7.20,91,1334,396,4.194
59027,144.9,6.90,91,1334,396,4.194
59034,144.9,6.90,91,1334,396,4.194
59041,140.8,7.10,91,1334,396,4.129
59047,153.8,6.50,90,1334,396,4.129
59054,140.8,7.10,90,1334,396,4.129
59061,144.9,6.90,90,1334,396,4.129
59068,144.9,6.90,90,1334,396,4.129
59075,142.9,7.00,89,1334,396,4.129
59082,144.9,6.90,88,1334,396,4.129
59089,144.9,6.90,88,1334,396,4.129
59096,142.9,7.00,88,1334,396,4.129
59103,140.8,7.10,87,1334,396,4.129
59110,147.1,6.80,86,1334,396,4.129
59117,142.9,7.00,86,1334,396,4.129
59124,144.9,6.90,86,1334,396,4.129
59131,142.9,7.00,86,1334,396,4.129
59138,144.9,6.90,86,1334,396,4.129
59145,142.9,7.00,85,1334,396,4.129
59152,142.9,7.00,85,1334,396,4.194
59159,147.1,6.80,85,1334,396,4.194
59166,142.9,7.00,85,1334,396,4.194
59173,140.8,7.10,85,1334,396,4.194
59180,140.8,7.10,83,1334,396,4.129
59186,149.3,6.70,83,1334,396,4.129
59193,142.9,7.00,83,1334,396,4.129
59200,144.9,6.90,83,1334,396,4.129
59207,144.9,6.90,83,1334,396,4.129
59214,142.9,7.00,83,1334,396,4.129
59221,140.8,7.10,81,1334,396,4.129
59228,149.3,6.70,81,1334,396,4.129
59235,144.9,6.90,81,1334,396,4.129
59242,142.9,7.00,80,1334,396,4.129
59249,142.9,7.00,80,1334,396,4.129
59256,142.9,7.00,80,1334,396,4.129
59263,147.1,6.80,80,1334,396,4.129
59270,142.9,7.00,79,1334,396,4.129
59277,144.9,6.90,79,1334,396,4.129
59284,142.9,7.00,79,1334,396,4.129
59290,147.1,6.80,79,1334,396,4.129
59297,142.9,7.00,79,1334,396,4.129
59304,142.9,7.00,79,1334,396,4.129
59311,144.9,6.90,79,1334,396,4.194
59318,147.1,6.80,79,1334,396,4.194
59325,142.9,7.00,79,1334,396,4.194
59332,140.8,7.10,79,1334,396,4.194
59339,144.9,6.90,79,1334,396,4.129
59346,147.1,6.80,79,1334,396,4.129
59353,140.8,7.10,79,1334,396,4.129
59360,147.1,6.80,79,1334,396,4.129
59367,140.8,7.10,79,1334,396,4.129
59374,147.1,6.80,79,1334,396,4.129
59381,142.9,7.00,79,1334,396,4.129
59388,144.9,6.90,78,1334,396,4.129
59395,142.9,7.00,77,1334,396,4.129
59402,142.9,7.00,77,1334,396,4.129
59408,147.1,6.80,77,1334,396,4.129
59415,142.9,7.00,77,1334,396,4.129
59422,144.9,6.90,77,1334,396,4.129
59430,137.0,7.30,77,1334,396,4.129
59436,149.3,6.70,77,1334,396,4.129
59443,140.8,7.10,77,1334,396,4.129
59450,147.1,6.80,77,1334,396,4.129
59457,142.9,7.00,77,1334,396,4.129
59464,142.9,7.00,76,1334,396,4.129
59471,142.9,7.00,75,1334,396,4.063
59478,147.1,6.80,75,1334,396,4.063
59485,144.9,6.90,75,1334,396,4.063
59492,142.9,7.00,75,1334,396,4.063
59499,144.9,6.90,75,1334,396,4.129
59506,144.9,6.90,75,1334,396,4.129
59513,144.9,6.90,75,1334,396,4.129
59520,142.9,7.00,75,1334,396,4.129
59527,142.9,7.00,75,1334,396,4.129
59534,147.1,6.80,75,1334,396,4.129
59541,142.9,7.00,75,1334,396,4.129
59548,140.8,7.10,75,1334,396,4.129
59555,144.9,6.90,75,1334,396,4.129
59562,142.9,7.00,75,1334,396,4.129
59568,144.9,6.90,75,1334,396,4.129
59575,149.3,6.70,75,1334,396,4.129
59582,142.9,7.00,75,1334,396,4.129
59589,144.9,6.90,75,1334,396,4.129
59596,142.9,7.00,75,1334,396,4.129
59603,140.8,7.10,75,1334,396,4.129
59610,142.9,7.00,75,1334,396,4.129
59617,144.9,6.90,75,1334,396,4.129
59624,144.9,6.90,75,1334,396,4.129
59631,142.9,7.00,76,1334,396,4.129
59638,147.1,6.80,76,1334,396,4.063
59645,142.9,7.00,76,1334,396,4.063
59652,142.9,7.00,76,1334,396,4.063
59659,144.9,6.90,76,1334,396,4.063
59665,147.1,6.80,76,1334,396,4.063
59672,142.9,7.00,76,1334,396,4.063
59679,144.9,6.90,76,1334,396,4.063
59686,144.9,6.90,76,1334,396,4.063
59693,142.9,7.00,76,1334,396,4.129
59700,144.9,6.90,76,1334,396,4.129
59707,138.9,7.20,77,1334,396,4.129
59714,147.1,6.80,77,1334,396,4.129
59721,140.8,7.10,77,1334,396,4.129
59728,142.9,7.00,77,1334,396,4.129
59735,144.9,6.90,77,1334,396,4.129
59742,147.1,6.80,77,1334,396,4.129
59749,142.9,7.00,77,1334,396,4.063
59756,144.9,6.90,77,1334,396,4.063
59763,147.1,6.80,77,1334,396,4.063
59770,142.9,7.00,77,1334,396,4.063
59777,144.9,6.90,76,1334,396,4.063
59784,142.9,7.00,76,1334,396,4.063
59790,144.9,6.90,76,1334,396,4.063
59797,142.9,7.00,76,1334,396,4.063
59804,142.9,7.00,76,1334,396,4.063
59811,144.9,6.90,76,1334,396,4.063
59818,144.9,6.90,76,1334,396,4.063
59825,144.9,6.90,76,1334,396,4.063
59832,142.9,7.00,76,1334,396,4.063
59839,142.9,7.00,76,1334,396,4.063
59846,149.3,6.70,76,1334,396,4.063
59853,138.9,7.20,76,1334,396,4.063
59860,147.1,6.80,76,1334,396,4.063
59867,140.8,7.10,76,1334,396,4.063
59874,147.1,6.80,76,1334,396,4.063
59881,140.8,7.10,76,1334,396,4.063
59888,144.9,6.90,76,1334,396,4.063
59895,140.8,7.10,76,1334,396,4.063
59902,144.9,6.90,76,1334,396,4.063
59909,144.9,6.90,76,1334,396,4.063
59916,144.9,6.90,76,1334,396,4.063
59922,147.1,6.80,76,1334,396,4.063
59929,140.8,7.10,75,1334,396,4.063
59937,140.8,7.10,75,1334,396,4.063
59943,144.9,6.90,75,1334,396,4.063
59950,147.1,6.80,75,1334,396,4.063
59957,144.9,6.90,75,1334,396,4.063
59964,142.9,7.00,75,1334,396,4.063
59971,140.8,7.10,75,1334,396,4.063
59978,142.9,7.00,75,1334,396,4.063
59985,151.5,6.60,75,1334,396,4.063
59992,142.9,7.00,75,1334,396,4.063
59999,147.1,6.80,75,1334,396,3.998
60006,142.9,7.00,405,1334,396,3.998
