API de Renderizacao: WEBGPU
Cenario: D
Timestamp Unix de Inicio do Ensaio (ms): 1787799314804
Tempo de Carregamento Inicial (Assets + Draco): 6.03 segundos (6030.90 ms)
Taxa de Quadros (FPS) Media: 106.68 FPS
Taxa de Quadros (FPS) Minima (Pico de Engasgo): 0.68 FPS
Taxa de Quadros (FPS) Maxima: 227.27 FPS
Tempo de Frame Medio: 24.55 ms
Tempo de Frame Maximo: 1464.20 ms
Draw Calls Medio: 252.8
Draw Calls Maximo: 1008
Geometrias na VRAM (final): 1334
Texturas na VRAM (final): 396
Tempo de GPU Medio (ms): 16.899
Overhead de CPU Medio (ms): 7.653
Total de Quadros Amostrados: 2444 frames

--- DADOS BRUTOS QUADRO A QUADRO ---
Tempo Decorrido (ms),FPS Instantaneo,Tempo de Frame (ms),Draw Calls,Geometrias,Texturas,Tempo de GPU (ms)
1465,0.7,1464.20,1008,1332,396,53.084
1577,8.9,112.00,1008,1332,396,53.084
1672,10.5,95.00,1008,1332,396,65.995
1748,13.0,76.70,1007,1332,396,65.995
1818,14.3,70.10,1006,1332,396,45.941
1882,15.8,63.20,1005,1332,396,45.941
1892,100.0,10.00,1005,1332,396,45.941
1949,17.5,57.20,1004,1332,396,43.057
2028,12.6,79.20,1003,1332,396,43.057
2104,13.1,76.10,1003,1332,396,43.057
2191,11.6,86.50,1002,1332,396,62.652
2258,14.8,67.50,1001,1332,396,62.652
2319,16.3,61.20,1000,1332,396,62.652
2383,15.7,63.80,999,1332,396,39.911
2469,11.7,85.50,998,1332,396,39.911
2548,12.5,79.90,997,1332,396,39.911
2614,15.2,65.80,997,1332,396,43.909
2687,13.7,72.90,996,1332,396,43.909
2761,13.6,73.50,993,1332,396,43.909
2840,12.6,79.20,990,1332,396,54.526
2905,15.4,64.80,990,1332,396,54.526
2966,16.4,60.90,990,1332,396,54.526
3035,14.4,69.30,989,1332,396,46.334
3104,14.5,68.80,989,1332,396,46.334
3168,15.5,64.40,988,1332,396,46.334
3250,12.3,81.50,985,1332,396,57.410
3333,12.0,83.40,983,1332,396,57.410
3397,15.6,64.10,983,1332,396,57.410
3481,11.9,84.10,981,1332,396,59.245
3550,14.5,68.90,980,1332,396,59.245
3613,15.9,62.90,979,1332,396,59.245
3683,14.4,69.50,977,1332,396,46.465
3764,12.3,81.20,976,1332,396,46.465
3820,17.7,56.60,975,1332,396,46.465
3884,15.8,63.20,974,1332,396,39.518
3966,12.2,82.00,973,1332,396,39.518
4029,15.8,63.30,972,1332,396,39.518
4091,16.0,62.40,972,1332,396,38.994
4155,15.6,64.00,970,1332,396,38.994
4219,15.8,63.40,968,1332,396,38.994
4284,15.3,65.50,967,1332,396,40.698
4347,15.9,62.70,966,1332,396,40.698
4420,13.6,73.30,965,1332,396,40.698
4507,11.5,87.00,964,1332,396,62.390
4576,14.6,68.40,964,1332,396,62.390
4636,16.5,60.70,964,1332,396,62.390
4708,14.0,71.40,963,1332,396,46.793
4773,15.3,65.40,963,1332,396,46.793
4864,11.1,90.30,962,1332,396,46.793
4932,14.7,68.20,962,1332,396,45.154
5014,12.2,81.80,961,1332,396,45.154
5078,15.6,64.30,960,1332,396,45.154
5150,13.8,72.50,959,1332,396,48.890
5219,14.6,68.50,958,1332,396,48.890
5288,14.5,68.90,955,1332,396,48.890
5355,14.8,67.50,955,1332,396,44.499
5444,11.3,88.70,955,1332,396,44.499
5533,11.3,88.70,954,1332,396,44.499
5619,11.6,85.90,953,1332,396,60.883
5690,13.9,71.80,951,1332,396,60.883
5765,13.3,75.00,950,1332,396,60.883
5841,13.2,75.80,948,1332,396,51.708
5911,14.4,69.50,949,1332,396,51.708
5976,15.3,65.40,949,1332,396,51.708
6049,13.8,72.70,950,1332,396,48.234
6125,13.1,76.50,949,1332,396,48.234
6196,14.2,70.40,949,1332,396,48.234
6263,14.8,67.70,948,1332,396,44.237
6334,14.2,70.50,948,1332,396,44.237
6406,13.9,72.10,948,1332,396,44.237
6470,15.7,63.80,947,1332,396,40.239
6541,14.0,71.50,947,1332,396,40.239
6611,14.4,69.30,947,1332,396,40.239
6675,15.5,64.70,947,1332,396,41.353
6743,14.8,67.50,945,1332,396,41.353
6802,17.0,58.90,944,1332,396,41.353
6865,15.9,63.00,944,1332,396,38.404
6931,15.0,66.60,944,1332,396,38.404
7000,14.5,68.90,944,1332,396,38.404
7061,16.5,60.50,944,1332,396,38.273
7140,12.7,79.00,943,1332,396,38.273
7199,16.7,59.80,943,1332,396,38.273
7262,16.0,62.60,941,1332,396,39.322
7331,14.5,68.90,940,1332,396,39.322
7393,16.0,62.40,940,1332,396,39.322
7456,15.9,63.00,939,1332,396,38.863
7536,12.5,80.00,938,1332,396,38.863
7604,14.9,67.30,936,1332,396,38.863
7689,11.7,85.70,932,1332,396,61.669
7751,16.1,62.20,931,1332,396,61.669
7824,13.8,72.40,931,1332,396,61.669
7885,16.4,60.90,930,1332,396,36.504
7951,15.2,66.00,928,1332,396,36.504
8006,18.0,55.70,926,1332,396,36.504
8073,15.1,66.30,925,1332,396,41.812
8140,14.9,67.20,924,1332,396,41.812
8199,17.1,58.60,923,1332,396,41.812
8257,17.2,58.30,923,1332,396,34.865
8329,13.9,72.10,921,1332,396,34.865
8422,10.8,92.60,921,1332,396,34.865
8486,15.6,64.20,918,1332,396,38.797
8544,17.2,58.30,918,1332,396,38.797
8608,15.6,64.30,917,1332,396,38.797
8697,11.3,88.70,915,1332,396,65.143
8762,15.5,64.40,915,1332,396,65.143
8816,18.4,54.40,914,1332,396,65.143
8875,17.0,58.70,914,1332,396,34.996
8944,14.3,69.80,914,1332,396,34.996
8999,18.2,55.00,914,1332,396,34.996
9062,15.9,63.00,911,1332,396,39.387
9136,13.7,73.20,911,1332,396,39.387
9193,17.6,56.90,908,1332,396,39.387
9255,16.1,62.10,908,1332,396,37.683
9314,16.9,59.30,908,1332,396,37.683
9369,18.0,55.50,906,1332,396,37.683
9437,14.8,67.40,906,1332,396,43.188
9496,16.9,59.20,906,1332,396,43.188
9570,13.5,74.30,906,1332,396,43.188
9648,13.0,77.20,905,1332,396,52.625
9722,13.5,74.20,904,1332,396,52.625
9779,17.4,57.50,903,1332,396,52.625
9861,12.3,81.60,902,1332,396,55.509
9919,17.2,58.20,900,1332,396,55.509
9978,16.8,59.50,900,1332,396,55.509
10040,16.4,61.10,898,1332,396,38.732
10115,13.2,75.90,896,1332,396,38.732
10167,19.6,51.10,894,1332,396,38.732
10230,15.7,63.70,892,1332,396,40.436
10291,16.4,60.80,885,1332,396,40.436
10342,19.6,51.10,879,1332,396,40.436
10398,17.9,56.00,879,1332,396,32.702
10462,15.6,64.00,878,1332,396,32.702
10523,16.5,60.70,875,1332,396,32.702
10591,14.7,67.90,866,1332,396,44.892
10650,16.8,59.60,859,1332,396,44.892
10708,17.5,57.20,854,1332,396,44.892
10776,14.7,68.00,852,1332,396,44.827
10837,16.4,60.90,849,1332,396,44.827
10893,17.7,56.40,845,1332,396,44.827
10953,16.8,59.60,842,1332,396,36.241
11009,17.6,56.80,841,1332,396,36.241
11062,19.1,52.40,839,1332,396,36.241
11125,15.9,63.00,828,1332,396,37.487
11195,14.2,70.20,817,1332,396,37.487
11249,18.4,54.40,813,1332,396,37.487
11309,16.7,60.00,808,1332,396,38.076
11366,17.6,56.80,798,1332,396,38.076
11417,19.6,51.00,797,1332,396,38.076
11486,14.6,68.50,787,1332,396,45.810
11556,14.3,69.80,782,1332,396,45.810
11630,13.4,74.40,774,1332,396,45.810
11682,19.0,52.50,769,1332,396,29.426
11746,15.7,63.50,762,1332,396,29.426
11801,18.2,54.80,757,1332,396,29.426
11856,18.2,54.90,754,1332,396,32.244
11911,18.2,54.90,752,1332,396,32.244
11966,18.0,55.70,748,1332,396,32.244
12043,13.0,76.80,744,1332,396,51.773
12104,16.6,60.40,743,1332,396,51.773
12168,15.6,64.20,741,1332,396,51.773
12216,20.9,47.80,740,1332,396,28.115
12269,18.8,53.30,735,1332,396,28.115
12320,19.8,50.60,731,1332,396,28.115
12368,20.6,48.50,726,1332,396,29.884
12432,15.6,64.30,722,1332,396,29.884
12483,19.9,50.20,719,1332,396,29.884
12541,17.0,58.80,715,1332,396,38.207
12618,13.1,76.30,707,1332,396,38.207
12680,15.9,62.70,704,1332,396,38.207
12731,19.9,50.20,702,1332,396,31.785
12784,18.7,53.50,699,1332,396,31.785
12829,22.4,44.60,697,1332,396,31.785
12898,14.5,69.10,694,1332,396,50.332
12952,18.3,54.70,689,1332,396,50.332
13002,20.2,49.60,685,1332,396,50.332
13050,20.7,48.30,683,1332,396,29.491
13108,17.3,57.70,681,1332,396,29.491
13160,19.1,52.40,680,1332,396,29.491
13219,17.1,58.40,677,1332,396,38.470
13279,16.5,60.50,673,1332,396,38.470
13350,14.2,70.60,666,1332,396,38.470
13399,20.4,49.00,662,1332,396,30.409
13452,18.9,53.00,655,1332,396,30.409
13500,20.8,48.00,649,1332,396,30.409
13569,14.5,68.80,642,1332,396,47.251
13629,16.7,59.90,637,1332,396,47.251
13676,21.3,47.00,629,1332,396,47.251
13732,17.7,56.40,625,1332,396,37.683
13788,17.8,56.20,624,1332,396,37.683
13838,20.4,49.10,622,1332,396,37.683
13889,19.3,51.80,619,1332,396,33.227
13954,15.5,64.50,611,1332,396,33.227
14003,20.2,49.40,607,1332,396,33.227
14055,19.3,51.70,605,1332,396,32.440
14112,17.5,57.00,597,1332,396,32.440
14182,14.3,69.80,592,1332,396,32.440
14242,16.5,60.60,586,1332,396,40.960
14317,13.4,74.80,573,1332,396,40.960
14383,15.3,65.50,568,1332,396,40.960
14451,14.7,68.00,564,1332,396,48.562
14520,14.4,69.60,559,1332,396,48.562
14570,20.0,49.90,557,1332,396,48.562
14628,17.2,58.10,552,1332,396,38.535
14681,18.8,53.20,548,1332,396,38.535
14740,16.9,59.00,542,1332,396,38.535
14794,18.6,53.70,538,1332,396,34.800
14849,18.2,54.90,538,1332,396,34.800
14893,22.5,44.40,536,1332,396,34.800
14947,18.5,54.00,536,1332,396,35.389
15013,15.2,66.00,534,1332,396,35.389
15062,20.6,48.60,532,1332,396,35.389
15114,19.2,52.20,531,1332,396,32.965
15169,18.3,54.70,530,1332,396,32.965
15218,20.3,49.20,528,1332,396,32.965
15269,19.7,50.80,526,1332,396,31.785
15328,17.0,58.80,522,1332,396,31.785
15389,16.4,61.10,521,1332,396,31.785
15439,20.0,50.10,517,1332,396,31.523
15499,16.6,60.40,516,1332,396,31.523
15566,14.9,66.90,514,1332,396,31.523
15632,15.2,65.70,511,1332,396,45.810
15685,19.0,52.70,510,1332,396,45.810
15733,20.7,48.40,506,1332,396,45.810
15788,18.3,54.70,502,1332,396,34.865
15843,18.0,55.70,500,1332,396,34.865
15900,17.8,56.30,498,1332,396,34.865
15963,15.9,62.80,498,1332,396,44.368
16030,14.8,67.70,494,1332,396,44.368
16080,20.2,49.40,491,1332,396,44.368
16136,17.8,56.20,491,1332,396,38.076
16191,18.2,55.00,488,1332,396,38.076
16244,18.8,53.10,486,1332,396,38.076
16306,16.1,62.20,485,1332,396,43.581
16371,15.4,64.90,480,1332,396,43.581
16423,19.3,51.80,478,1332,396,43.581
16479,18.0,55.60,478,1332,396,37.159
16536,17.4,57.50,476,1332,396,37.159
16600,15.6,63.90,472,1332,396,37.159
16654,18.5,54.00,471,1332,396,35.258
16709,18.1,55.20,467,1332,396,35.258
16759,19.9,50.30,467,1332,396,35.258
16824,15.5,64.50,465,1332,396,45.875
16880,17.9,55.80,465,1332,396,45.875
16933,18.8,53.30,463,1332,396,45.875
16987,18.5,54.20,462,1332,396,34.865
17073,11.7,85.80,461,1332,396,34.865
17145,13.8,72.40,459,1332,396,34.865
17241,10.5,95.30,458,1332,396,74.580
17307,15.1,66.10,455,1332,396,74.580
17383,13.2,75.70,453,1332,396,74.580
17466,12.0,83.50,451,1332,396,64.225
17540,13.6,73.70,449,1332,396,64.225
17626,11.6,86.30,447,1332,396,64.225
17702,13.2,75.80,445,1332,396,56.033
17793,11.0,90.70,440,1332,396,56.033
17866,13.7,73.10,438,1332,396,56.033
17941,13.2,75.80,438,1332,396,55.575
18028,11.5,86.80,436,1332,396,55.575
18112,11.9,84.00,434,1332,396,55.575
18195,12.0,83.20,428,1332,396,61.080
18256,16.4,60.80,425,1332,396,61.080
18352,10.5,95.40,424,1332,396,61.080
18425,13.6,73.50,422,1332,396,41.419
18506,12.3,81.30,421,1332,396,41.419
18581,13.4,74.50,420,1332,396,41.419
18657,13.1,76.20,418,1332,396,55.902
18749,10.9,92.00,417,1332,396,55.902
18799,20.0,50.00,414,1332,396,55.902
18852,19.0,52.60,412,1332,396,33.882
18907,18.2,54.90,410,1332,396,33.882
18968,16.2,61.90,408,1332,396,33.882
19032,15.7,63.50,407,1332,396,44.237
19091,16.8,59.40,405,1332,396,44.237
19145,18.7,53.60,405,1332,396,44.237
19197,19.2,52.20,403,1332,396,34.275
19257,16.7,59.90,401,1332,396,34.275
19322,15.3,65.20,398,1332,396,34.275
19399,13.0,76.70,396,1332,396,58.393
19467,14.7,68.10,395,1332,396,58.393
19537,14.3,69.80,393,1332,396,58.393
19614,13.0,77.10,392,1332,396,58.393
19687,13.7,72.90,389,1332,396,58.393
19766,12.7,78.60,389,1332,396,58.393
19830,15.5,64.60,387,1332,396,44.630
19885,18.4,54.30,386,1332,396,44.630
19942,17.5,57.00,385,1332,396,44.630
19994,19.2,52.10,383,1332,396,33.817
20049,18.1,55.10,381,1332,396,33.817
20100,19.6,50.90,379,1332,396,33.817
20154,18.2,54.80,378,1332,396,36.438
20212,17.5,57.30,377,1332,396,36.438
20268,17.7,56.50,375,1332,396,36.438
20319,19.6,51.10,374,1332,396,33.161
20375,17.9,55.90,373,1332,396,33.161
20427,19.2,52.00,372,1332,396,33.161
20481,18.4,54.30,372,1332,396,36.241
20542,16.4,60.90,371,1332,396,36.241
20594,19.5,51.40,371,1332,396,36.241
20662,14.6,68.60,369,1332,396,49.218
20750,11.4,87.70,368,1332,396,49.218
20815,15.3,65.30,365,1332,396,49.218
20879,15.6,64.00,365,1332,396,46.399
20934,18.2,54.80,364,1332,396,46.399
20987,18.9,53.00,362,1332,396,46.399
21042,18.1,55.30,359,1332,396,36.897
21103,16.4,60.90,358,1332,396,36.897
21186,12.0,83.10,357,1332,396,36.897
21246,16.9,59.30,358,1332,396,39.715
21330,11.9,84.30,357,1332,396,39.715
21383,18.8,53.10,356,1332,396,39.715
21459,13.3,75.40,354,1332,396,54.985
21518,16.8,59.40,353,1332,396,54.985
21590,14.0,71.60,353,1332,396,54.985
21648,17.2,58.00,353,1332,396,39.649
21722,13.4,74.90,351,1332,396,39.649
21774,19.3,51.90,348,1332,396,39.649
21861,11.5,86.60,347,1332,396,67.371
21923,16.1,62.10,347,1332,396,67.371
21974,19.6,50.90,345,1332,396,67.371
22035,16.4,61.00,345,1332,396,43.254
22106,14.0,71.40,345,1332,396,43.254
22163,17.6,56.70,345,1332,396,43.254
22225,16.3,61.50,343,1332,396,42.861
22286,16.3,61.20,343,1332,396,42.861
22347,16.2,61.60,343,1332,396,42.861
22411,15.8,63.20,340,1332,396,46.268
22464,18.6,53.90,340,1332,396,46.268
22528,15.8,63.40,339,1332,396,46.268
22583,18.1,55.30,339,1332,396,36.110
22671,11.4,88.00,337,1332,396,36.110
22771,10.0,99.80,335,1332,396,36.110
22877,9.4,106.10,334,1332,396,85.262
22953,13.1,76.30,333,1332,396,85.262
23045,10.9,91.70,333,1332,396,85.262
23113,14.8,67.70,333,1332,396,36.635
23174,16.4,60.90,333,1332,396,36.635
23239,15.4,65.00,334,1332,396,36.635
23299,16.6,60.10,332,1332,396,41.746
23357,17.1,58.50,331,1332,396,41.746
23409,19.4,51.60,330,1332,396,41.746
23466,17.5,57.20,330,1332,396,38.732
23543,13.0,76.70,329,1332,396,38.732
23597,18.3,54.70,328,1332,396,38.732
23652,18.3,54.50,327,1332,396,34.079
23710,17.4,57.60,327,1332,396,34.079
23759,20.0,49.90,327,1332,396,34.079
23815,18.1,55.10,325,1332,396,37.224
23881,15.1,66.40,326,1332,396,37.224
23942,16.3,61.40,326,1332,396,37.224
23996,18.5,54.00,325,1332,396,36.110
24052,18.0,55.50,326,1332,396,36.110
24102,20.0,50.00,326,1332,396,36.110
24157,18.2,55.00,326,1332,396,36.241
24216,16.9,59.20,326,1332,396,36.241
24272,18.0,55.60,327,1332,396,36.241
24349,13.0,77.20,325,1332,396,57.344
24427,12.8,77.90,324,1332,396,57.344
24521,10.6,94.70,322,1332,396,57.344
24590,14.5,68.90,321,1332,396,50.463
24689,10.2,98.30,320,1332,396,50.463
24827,7.2,138.50,321,1332,396,50.463
24924,10.4,96.40,323,1332,396,75.825
25046,8.2,122.20,320,1332,396,75.825
25101,18.1,55.40,320,1332,396,75.825
25196,10.6,94.70,320,1332,396,75.629
25266,14.2,70.60,320,1332,396,75.629
25322,17.9,56.00,321,1332,396,75.629
25395,13.8,72.50,322,1332,396,54.198
25464,14.4,69.40,326,1332,396,54.198
25520,18.0,55.50,326,1332,396,54.198
25580,16.8,59.70,328,1332,396,42.402
25645,15.4,65.10,328,1332,396,42.402
25697,19.2,52.10,329,1332,396,42.402
25766,14.5,69.20,331,1332,396,50.201
25830,15.6,64.20,333,1332,396,50.201
25893,15.9,62.70,335,1332,396,50.201
25952,17.0,58.80,337,1332,396,38.470
26007,18.1,55.40,341,1332,396,38.470
26058,19.9,50.30,344,1332,396,38.470
26173,8.7,115.20,349,1332,396,57.672
26238,15.4,64.90,354,1332,396,57.672
26310,13.9,72.00,358,1332,396,57.672
26375,15.2,65.80,362,1332,396,47.514
26437,16.2,61.60,366,1332,396,47.514
26490,19.0,52.50,369,1332,396,47.514
26555,15.2,65.70,368,1332,396,46.137
26616,16.6,60.30,376,1332,396,46.137
26700,11.8,84.80,382,1332,396,46.137
26788,11.4,88.00,393,1332,396,69.468
26867,12.7,78.60,399,1332,396,69.468
26954,11.5,86.60,410,1332,396,69.468
27041,11.4,87.50,419,1332,396,66.519
27111,14.2,70.30,425,1332,396,66.519
27174,16.0,62.50,438,1332,396,66.519
27257,12.0,83.50,453,1332,396,50.725
27314,17.7,56.50,467,1332,396,50.725
27372,17.1,58.40,481,1332,396,50.725
27438,15.2,65.60,491,1332,396,45.679
27509,14.0,71.40,502,1332,396,45.679
27579,14.3,70.00,516,1332,396,45.679
27643,15.8,63.20,531,1332,396,44.958
27722,12.6,79.10,538,1332,396,44.958
27775,18.7,53.60,547,1332,396,44.958
27835,16.7,60.00,551,1332,396,40.501
27895,16.7,59.90,552,1332,396,40.501
27981,11.7,85.40,559,1332,396,40.501
28042,16.2,61.70,566,1332,396,43.188
28105,15.9,62.70,571,1332,396,43.188
28162,17.4,57.40,578,1332,396,43.188
28232,14.4,69.40,581,1332,396,50.201
28327,10.5,95.30,599,1332,396,50.201
28384,17.4,57.40,618,1332,396,50.201
28444,16.8,59.70,653,1332,396,40.501
28527,12.1,82.70,673,1332,396,40.501
28584,17.4,57.50,672,1332,396,40.501
28722,7.3,137.60,674,1332,396,70.975
28784,16.0,62.40,678,1332,396,70.975
28839,18.1,55.10,679,1332,396,70.975
28916,13.1,76.20,680,1332,396,56.099
28980,15.5,64.40,680,1332,396,56.099
29034,18.6,53.70,680,1333,396,56.099
29092,17.2,58.30,680,1334,396,39.584
29163,14.0,71.30,682,1334,396,39.584
29242,12.7,78.60,682,1334,396,39.584
29315,13.8,72.60,682,1334,396,39.584
29402,11.5,87.00,681,1334,396,54.854
29464,15.9,62.70,681,1334,396,54.854
29543,12.8,78.30,679,1334,396,54.854
29597,18.5,54.00,675,1334,396,54.854
29655,17.2,58.30,675,1334,396,36.176
29711,17.9,55.80,671,1334,396,36.176
29812,9.9,100.80,669,1334,396,36.176
29872,16.6,60.30,667,1334,396,36.176
29928,17.9,56.00,667,1334,396,41.681
29983,18.2,54.80,666,1334,396,41.681
30046,15.8,63.20,665,1334,396,41.681
30096,19.8,50.50,664,1334,396,41.681
30154,17.5,57.20,663,1334,396,33.423
30205,19.4,51.50,663,1334,396,33.423
30260,18.1,55.20,662,1334,396,33.423
30313,18.8,53.10,658,1334,396,33.423
30390,13.0,76.70,657,1334,396,36.045
30446,17.9,55.80,657,1334,396,36.045
30505,17.0,58.70,655,1334,396,36.045
30565,16.7,60.00,655,1334,396,36.045
30621,17.7,56.50,655,1334,396,42.271
30694,13.8,72.50,655,1334,396,42.271
30747,18.9,52.90,655,1334,396,42.271
30798,19.4,51.50,655,1334,396,42.271
30851,18.8,53.30,654,1334,396,34.734
30902,19.7,50.80,654,1334,396,34.734
30969,14.9,67.30,652,1334,396,34.734
31030,16.5,60.60,651,1334,396,34.734
31105,13.4,74.70,648,1334,396,43.647
31180,13.3,75.10,647,1334,396,43.647
31235,18.1,55.10,646,1334,396,43.647
31286,19.4,51.50,645,1334,396,43.647
31337,19.7,50.70,645,1334,396,35.783
31395,17.4,57.60,643,1334,396,35.783
31445,20.0,50.00,643,1334,396,35.783
31499,18.5,54.20,643,1334,396,35.455
31578,12.7,78.90,643,1334,396,35.455
31631,18.9,53.00,642,1334,396,35.455
31691,16.7,60.00,642,1334,396,35.455
31766,13.3,75.00,641,1334,396,42.598
31822,17.7,56.50,641,1334,396,42.598
31874,19.5,51.40,640,1334,396,42.598
31937,15.7,63.60,640,1334,396,42.598
31992,18.2,54.90,640,1334,396,47.514
32041,20.7,48.30,640,1334,396,47.514
32111,14.1,70.90,640,1334,396,47.514
32173,16.4,61.10,639,1334,396,47.514
32235,16.0,62.40,637,1334,396,43.581
32291,17.9,55.80,637,1334,396,43.581
32355,15.5,64.50,636,1334,396,43.581
32417,16.2,61.70,636,1334,396,43.581
32492,13.4,74.90,636,1334,396,43.975
32554,16.0,62.60,636,1334,396,43.975
32617,15.9,62.80,634,1334,396,43.975
32669,19.4,51.50,634,1334,396,43.975
32740,14.1,70.80,634,1334,396,33.554
32812,13.8,72.30,633,1334,396,33.554
32862,20.0,49.90,633,1334,396,33.554
32918,17.8,56.20,631,1334,396,33.554
32985,14.8,67.50,629,1334,396,38.863
33037,19.4,51.50,628,1334,396,38.863
33092,18.0,55.50,627,1334,396,38.863
33161,14.7,68.10,626,1334,396,38.863
33218,17.4,57.40,625,1334,396,50.790
33272,18.5,54.10,625,1334,396,50.790
33323,19.7,50.80,625,1334,396,50.790
33379,18.0,55.70,623,1334,396,50.790
33445,15.1,66.10,622,1334,396,38.732
33514,14.4,69.30,620,1334,396,38.732
33581,15.0,66.80,620,1334,396,38.732
33640,17.0,58.90,620,1334,396,38.732
33715,13.4,74.90,620,1334,396,41.943
33777,16.1,62.30,618,1334,396,41.943
33835,17.2,58.00,618,1334,396,41.943
33888,18.9,52.90,618,1334,396,41.943
33951,15.7,63.60,618,1334,396,35.979
34013,16.2,61.80,616,1334,396,35.979
34069,17.9,56.00,615,1334,396,35.979
34124,18.3,54.60,612,1334,396,37.618
34176,19.2,52.00,611,1334,396,37.618
34233,17.6,56.80,611,1334,396,37.618
34287,18.2,54.90,611,1334,396,37.618
34355,14.9,67.20,610,1334,396,37.421
34413,17.2,58.00,609,1334,396,37.421
34470,17.5,57.10,609,1334,396,37.421
34534,15.6,63.90,608,1334,396,45.810
34596,15.9,62.70,607,1334,396,45.810
34656,16.8,59.50,607,1334,396,45.810
34730,13.4,74.50,605,1334,396,45.810
34805,13.5,74.20,604,1334,396,56.230
34857,19.2,52.10,603,1334,396,56.230
34913,17.6,56.70,603,1334,396,56.230
34974,16.6,60.40,603,1334,396,56.230
35037,15.8,63.40,603,1334,396,43.254
35096,17.0,58.90,601,1334,396,43.254
35173,13.0,77.00,601,1334,396,43.254
35250,12.9,77.30,601,1334,396,43.254
35330,12.6,79.30,600,1334,396,60.883
35388,17.1,58.60,600,1334,396,60.883
35445,17.8,56.20,600,1334,396,60.883
35505,16.6,60.20,599,1334,396,60.883
35569,15.5,64.50,599,1334,396,43.123
35624,18.2,54.90,598,1334,396,43.123
35683,17.0,58.90,597,1334,396,43.123
35763,12.4,80.40,595,1334,396,43.123
35827,15.7,63.60,592,1334,396,63.701
35909,12.2,81.70,592,1334,396,63.701
35992,12.0,83.20,591,1334,396,63.701
36049,17.5,57.10,590,1334,396,63.701
36103,18.5,54.10,589,1334,396,37.749
36166,16.0,62.40,588,1334,396,37.749
36226,16.5,60.50,587,1334,396,37.749
36284,17.3,57.70,585,1334,396,37.749
36340,17.8,56.20,583,1334,396,41.091
36397,17.7,56.60,582,1334,396,41.091
36458,16.2,61.90,581,1334,396,41.091
36516,17.5,57.20,579,1334,396,41.091
36586,14.2,70.20,579,1334,396,40.501
36645,17.0,58.80,578,1334,396,40.501
36697,19.0,52.60,576,1334,396,40.501
36765,14.9,67.30,575,1334,396,40.501
36823,17.0,58.80,575,1334,396,50.397
36875,19.5,51.40,572,1334,396,50.397
36931,17.7,56.50,569,1334,396,50.397
36985,18.6,53.70,569,1334,396,50.397
37044,16.8,59.50,568,1334,396,36.831
37103,17.0,58.80,565,1334,396,36.831
37166,16.0,62.50,564,1334,396,36.831
37216,19.8,50.60,563,1334,396,36.831
37265,20.6,48.60,562,1334,396,33.948
37325,16.6,60.30,561,1334,396,33.948
37375,20.2,49.50,561,1334,396,33.948
37426,19.4,51.60,561,1334,396,33.948
37479,19.0,52.50,560,1334,396,34.013
37536,17.6,56.80,560,1334,396,34.013
37610,13.4,74.40,561,1334,396,34.013
37663,18.9,52.90,562,1334,396,34.013
37714,19.5,51.30,561,1334,396,35.521
37774,16.8,59.60,561,1334,396,35.521
37862,11.4,88.10,562,1334,396,35.521
37923,16.5,60.60,562,1334,396,35.521
38001,12.8,78.30,561,1334,396,42.926
38096,10.5,95.20,560,1334,396,42.926
38155,17.0,58.70,560,1334,396,42.926
38220,15.4,65.10,561,1334,396,42.926
38294,13.5,74.20,562,1334,396,47.186
38360,15.1,66.10,565,1334,396,47.186
38418,17.2,58.30,568,1334,396,47.186
38488,14.4,69.40,567,1334,396,47.186
38562,13.6,73.70,567,1334,396,52.298
38624,16.0,62.40,567,1334,396,52.298
38683,17.0,58.70,566,1334,396,52.298
38742,16.8,59.50,565,1334,396,52.298
38809,14.9,67.10,561,1334,396,42.271
38875,15.2,65.90,556,1334,396,42.271
38934,16.9,59.20,556,1334,396,42.271
38996,16.1,62.10,553,1334,396,42.271
39058,16.3,61.50,556,1334,396,44.237
39116,17.3,57.80,555,1334,396,44.237
39179,15.7,63.70,553,1334,396,44.237
39239,16.9,59.10,550,1334,396,44.237
39320,12.2,81.70,539,1334,396,41.812
39396,13.3,75.30,530,1334,396,41.812
39487,11.0,91.20,527,1334,396,41.812
39566,12.7,79.00,523,1334,396,41.812
39631,15.4,64.80,503,1334,396,61.866
39685,18.5,54.00,482,1334,396,61.866
39742,17.3,57.80,413,1334,396,61.866
39802,16.7,60.00,386,1334,396,61.866
39868,15.4,65.10,371,1334,396,42.009
39931,15.7,63.80,361,1334,396,42.009
40014,12.2,82.20,352,1334,396,42.009
40072,17.2,58.20,338,1334,396,42.009
40143,14.1,71.00,328,1334,396,41.615
40242,10.1,99.00,316,1334,396,41.615
40303,16.3,61.20,307,1334,396,41.615
40363,16.8,59.70,296,1334,396,41.615
40437,13.5,74.20,286,1334,396,43.844
40494,17.4,57.40,277,1334,396,43.844
40578,11.9,84.10,262,1334,396,43.844
40637,17.2,58.20,258,1334,396,43.844
40694,17.3,57.90,252,1334,396,42.467
40752,17.5,57.20,249,1334,396,42.467
40846,10.6,94.50,239,1334,396,42.467
40916,14.4,69.60,239,1334,396,42.467
40981,15.2,65.60,239,1334,396,51.315
40987,169.5,5.90,238,1334,396,51.315
41051,15.7,63.60,234,1334,396,51.315
41120,14.4,69.30,231,1334,396,51.315
41200,12.5,80.10,223,1334,396,65.470
41270,14.4,69.60,221,1334,396,65.470
41360,11.0,90.50,219,1334,396,65.470
41427,15.0,66.80,218,1334,396,65.470
41495,14.7,67.80,219,1334,396,65.470
41576,12.3,81.00,221,1334,396,54.460
41655,12.7,78.80,222,1334,396,54.460
41717,16.0,62.50,222,1334,396,54.460
41788,14.2,70.60,223,1334,396,54.460
41885,10.4,96.60,223,1334,396,54.460
41953,14.7,68.20,220,1334,396,83.034
42034,12.4,80.90,219,1334,396,83.034
42094,16.7,59.90,219,1334,396,83.034
42161,14.8,67.40,217,1334,396,83.034
42229,14.8,67.70,215,1334,396,83.034
42295,15.1,66.20,215,1334,396,54.264
42374,12.6,79.20,213,1334,396,54.264
42469,10.5,95.20,211,1334,396,54.264
42549,12.6,79.30,211,1334,396,54.264
42610,16.2,61.70,210,1334,396,54.264
42680,14.4,69.30,208,1334,396,48.103
42751,13.9,71.80,208,1334,396,48.103
42826,13.5,74.20,208,1334,396,48.103
42895,14.5,69.00,205,1334,396,48.103
42952,17.4,57.40,204,1334,396,48.103
43029,13.0,77.20,204,1334,396,44.106
43096,14.9,67.20,203,1334,396,44.106
43156,16.9,59.20,203,1334,396,44.106
43221,15.2,65.70,203,1334,396,44.106
43291,14.4,69.50,203,1334,396,55.509
43374,12.0,83.30,203,1334,396,55.509
43431,17.6,56.70,203,1334,396,55.509
43506,13.3,75.10,202,1334,396,55.509
43566,16.7,59.90,202,1334,396,55.509
43625,16.8,59.70,201,1334,396,47.251
43688,16.0,62.60,201,1334,396,47.251
43765,12.9,77.40,201,1334,396,47.251
43836,14.1,71.00,201,1334,396,47.251
43920,11.9,83.70,200,1334,396,47.251
43985,15.4,64.90,200,1334,396,69.927
44055,14.3,70.00,200,1334,396,69.927
44122,15.0,66.70,200,1334,396,69.927
44186,15.5,64.70,200,1334,396,69.927
44250,15.7,63.60,200,1334,396,69.927
44313,15.8,63.20,199,1334,396,50.266
44391,12.8,78.20,199,1334,396,50.266
44468,13.0,77.00,198,1334,396,50.266
44547,12.7,78.90,198,1334,396,50.266
44626,12.8,78.40,197,1334,396,50.266
44693,14.8,67.70,197,1334,396,64.815
44763,14.5,69.20,197,1334,396,64.815
44820,17.4,57.60,196,1334,396,64.815
44884,15.7,63.60,196,1334,396,64.815
44957,13.6,73.30,195,1334,396,59.113
45015,17.4,57.40,194,1334,396,59.113
45078,15.9,63.00,194,1334,396,59.113
45155,13.0,77.00,194,1334,396,59.113
45218,15.6,63.90,194,1334,396,59.113
45287,14.5,68.80,193,1334,396,51.315
45356,14.5,69.10,193,1334,396,51.315
45421,15.6,64.10,193,1334,396,51.315
45492,14.0,71.50,192,1334,396,51.315
45554,16.0,62.40,191,1334,396,46.727
45627,13.9,72.20,190,1334,396,46.727
45706,12.7,78.90,190,1334,396,46.727
45772,15.1,66.40,189,1334,396,46.727
45839,14.8,67.40,189,1334,396,54.002
45922,12.0,83.10,188,1334,396,54.002
45994,14.0,71.30,187,1334,396,54.002
46057,15.9,63.00,187,1334,396,54.002
46124,14.9,67.20,187,1334,396,52.494
46184,16.8,59.60,187,1334,396,52.494
46249,15.2,65.70,187,1334,396,52.494
46305,17.9,55.80,186,1334,396,52.494
46372,15.0,66.50,186,1334,396,53.019
46441,14.5,69.10,186,1334,396,53.019
46507,15.1,66.30,186,1334,396,53.019
46560,19.0,52.70,185,1334,396,53.019
46652,10.8,92.20,183,1334,396,53.019
46729,13.0,77.20,182,1334,396,68.223
46810,12.4,80.80,182,1334,396,68.223
46905,10.5,95.10,182,1334,396,68.223
47000,10.6,94.60,182,1334,396,68.223
47070,14.2,70.40,182,1334,396,68.223
47163,10.8,92.70,181,1334,396,56.689
47241,12.8,77.90,181,1334,396,56.689
47333,10.8,92.20,181,1334,396,56.689
47414,12.4,80.80,181,1334,396,56.689
47494,12.4,80.70,181,1334,396,56.689
47571,13.0,76.70,180,1334,396,67.502
47633,16.2,61.60,180,1334,396,67.502
47687,18.5,54.10,180,1334,396,67.502
47718,31.5,31.70,180,1334,396,67.502
47783,15.4,65.10,180,1334,396,67.502
47791,137.0,7.30,180,1334,396,64.094
47797,153.8,6.50,179,1334,396,64.094
47804,144.9,6.90,179,1334,396,64.094
47811,144.9,6.90,179,1334,396,64.094
47818,144.9,6.90,179,1334,396,6.488
47825,142.9,7.00,179,1334,396,6.488
47832,144.9,6.90,179,1334,396,6.488
47847,66.7,15.00,179,1334,396,6.488
47853,166.7,6.00,179,1334,396,6.488
47861,126.6,7.90,179,1334,396,7.209
47868,135.1,7.40,178,1334,396,7.209
47875,144.9,6.90,178,1334,396,7.209
47883,129.9,7.70,178,1334,396,7.209
47890,140.8,7.10,178,1334,396,7.209
47906,63.3,15.80,178,1334,396,6.947
47913,129.9,7.70,178,1334,396,6.947
47920,140.8,7.10,178,1334,396,6.947
47927,142.9,7.00,178,1334,396,6.947
47934,144.9,6.90,178,1334,396,6.947
47941,142.9,7.00,178,1334,396,6.685
47948,144.9,6.90,178,1334,396,6.685
47955,142.9,7.00,178,1334,396,6.685
47982,37.6,26.60,177,1334,396,6.685
47989,131.6,7.60,177,1334,396,6.685
47997,138.9,7.20,177,1334,396,6.619
48003,158.7,6.30,177,1334,396,6.619
48010,137.0,7.30,177,1334,396,6.619
48016,161.3,6.20,177,1334,396,6.619
48023,142.9,7.00,177,1334,396,6.619
48031,135.1,7.40,177,1334,396,6.619
48059,36.0,27.80,177,1334,396,6.619
48064,200.0,5.00,177,1334,396,6.619
48071,133.3,7.50,177,1334,396,6.619
48078,138.9,7.20,177,1334,396,6.619
48085,158.7,6.30,177,1334,396,6.554
48092,140.8,7.10,177,1334,396,6.554
48098,151.5,6.60,177,1334,396,6.554
48106,128.2,7.80,177,1334,396,6.554
48134,35.7,28.00,177,1334,396,6.554
48141,140.8,7.10,177,1334,396,28.180
48148,147.1,6.80,177,1334,396,28.180
48154,161.3,6.20,177,1334,396,28.180
48162,135.1,7.40,177,1334,396,28.180
48169,140.8,7.10,177,1334,396,28.180
48175,156.2,6.40,177,1334,396,6.488
48182,144.9,6.90,177,1334,396,6.488
48189,135.1,7.40,177,1334,396,6.488
48211,47.2,21.20,176,1334,396,6.488
48217,161.3,6.20,176,1334,396,6.488
48223,151.5,6.60,176,1334,396,6.423
48230,149.3,6.70,176,1334,396,6.423
48237,149.3,6.70,176,1334,396,6.423
48243,153.8,6.50,176,1334,396,6.423
48250,147.1,6.80,176,1334,396,6.423
48257,142.9,7.00,176,1334,396,6.226
48264,144.9,6.90,176,1334,396,6.226
48271,147.1,6.80,176,1334,396,6.226
48288,58.1,17.20,176,1334,396,6.226
48294,158.7,6.30,176,1334,396,6.226
48301,149.3,6.70,176,1334,396,6.423
48308,149.3,6.70,176,1334,396,6.423
48314,153.8,6.50,176,1334,396,6.423
48321,156.2,6.40,176,1334,396,6.423
48327,144.9,6.90,176,1334,396,6.423
48346,55.2,18.10,176,1334,396,6.554
48352,144.9,6.90,176,1334,396,6.554
48359,142.9,7.00,176,1334,396,6.554
48366,144.9,6.90,176,1334,396,6.554
48373,142.9,7.00,176,1334,396,5.308
48380,144.9,6.90,176,1334,396,5.308
48387,144.9,6.90,176,1334,396,5.308
48394,142.9,7.00,176,1334,396,4.653
48401,142.9,7.00,176,1334,396,4.653
48410,116.3,8.60,176,1334,396,4.653
48417,147.1,6.80,176,1334,396,4.653
48424,142.9,7.00,176,1334,396,4.653
48431,140.8,7.10,176,1334,396,4.850
48438,144.9,6.90,176,1334,396,4.850
48445,140.8,7.10,176,1334,396,4.850
48451,147.1,6.80,176,1334,396,4.850
48458,144.9,6.90,176,1334,396,5.374
48470,86.2,11.60,176,1334,396,5.374
48475,181.8,5.50,176,1334,396,5.374
48480,217.4,4.60,176,1334,396,5.374
48486,163.9,6.10,176,1334,396,5.374
48493,142.9,7.00,176,1334,396,4.981
48500,147.1,6.80,176,1334,396,4.981
48507,138.9,7.20,176,1334,396,4.981
48514,144.9,6.90,175,1334,396,4.981
48521,147.1,6.80,175,1334,396,3.736
48537,63.3,15.80,175,1334,396,3.736
48542,192.3,5.20,175,1334,396,3.736
48549,149.3,6.70,174,1334,396,3.736
48555,147.1,6.80,174,1334,396,3.736
48562,144.9,6.90,174,1334,396,3.736
48569,142.9,7.00,174,1334,396,3.736
48576,138.9,7.20,174,1334,396,3.736
48583,142.9,7.00,174,1334,396,3.473
48590,151.5,6.60,174,1334,396,3.473
48597,142.9,7.00,173,1334,396,3.473
48604,137.0,7.30,173,1334,396,3.473
48618,71.4,14.00,173,1334,396,3.473
48625,147.1,6.80,173,1334,396,17.039
48632,149.3,6.70,173,1334,396,17.039
48639,144.9,6.90,173,1334,396,17.039
48646,144.9,6.90,173,1334,396,17.039
48653,144.9,6.90,173,1334,396,3.277
48659,144.9,6.90,173,1334,396,3.277
48666,142.9,7.00,173,1334,396,3.277
48673,142.9,7.00,173,1334,396,3.277
48680,142.9,7.00,173,1334,396,3.277
48698,57.1,17.50,173,1334,396,3.277
48702,227.3,4.40,173,1334,396,3.277
48708,166.7,6.00,173,1334,396,3.277
48715,149.3,6.70,173,1334,396,3.146
48722,142.9,7.00,173,1334,396,3.146
48729,144.9,6.90,173,1334,396,3.146
48736,144.9,6.90,173,1334,396,3.146
48743,140.8,7.10,173,1334,396,2.753
48750,144.9,6.90,173,1334,396,2.753
48757,135.1,7.40,173,1334,396,2.753
48764,156.3,6.40,173,1334,396,2.753
48771,142.9,7.00,173,1334,396,2.753
48778,142.9,7.00,173,1334,396,2.753
48785,142.9,7.00,173,1334,396,2.753
48792,144.9,6.90,173,1334,396,2.753
48798,147.1,6.80,173,1334,396,2.753
48805,142.9,7.00,173,1334,396,2.753
48812,142.9,7.00,173,1334,396,2.753
48819,142.9,7.00,173,1334,396,2.753
48826,147.1,6.80,173,1334,396,2.818
48833,140.8,7.10,173,1334,396,2.818
48840,144.9,6.90,173,1334,396,2.818
48847,142.9,7.00,173,1334,396,2.818
48854,144.9,6.90,173,1334,396,2.818
48861,144.9,6.90,173,1334,396,2.818
48868,142.9,7.00,173,1334,396,2.818
48875,144.9,6.90,173,1334,396,2.818
48882,140.8,7.10,173,1334,396,2.818
48889,142.9,7.00,173,1334,396,2.818
48896,149.3,6.70,173,1334,396,2.818
48903,140.8,7.10,173,1334,396,2.818
48910,144.9,6.90,173,1334,396,4.129
48917,142.9,7.00,173,1334,396,4.129
48924,144.9,6.90,173,1334,396,4.129
48930,144.9,6.90,173,1334,396,4.129
48938,137.0,7.30,173,1334,396,4.129
48945,144.9,6.90,173,1334,396,4.129
48952,144.9,6.90,173,1334,396,4.129
48958,144.9,6.90,172,1334,396,4.129
48965,144.9,6.90,171,1334,396,4.063
48972,142.9,7.00,171,1334,396,4.063
48979,140.8,7.10,171,1334,396,4.063
48986,149.3,6.70,171,1334,396,4.063
48993,144.9,6.90,171,1334,396,4.129
49000,144.9,6.90,171,1334,396,4.129
49007,140.8,7.10,171,1334,396,4.129
49014,142.9,7.00,171,1334,396,4.129
49021,147.1,6.80,171,1334,396,4.129
49028,140.8,7.10,171,1334,396,4.129
49035,144.9,6.90,171,1334,396,4.129
49042,140.8,7.10,170,1334,396,4.129
49049,147.1,6.80,170,1334,396,4.194
49056,144.9,6.90,170,1334,396,4.194
49063,140.8,7.10,170,1334,396,4.194
49070,140.8,7.10,170,1334,396,4.194
49076,151.5,6.60,170,1334,396,4.063
49083,147.1,6.80,170,1334,396,4.063
49090,140.8,7.10,170,1334,396,4.063
49097,147.1,6.80,170,1334,396,4.063
49104,144.9,6.90,170,1334,396,4.915
49111,147.1,6.80,170,1334,396,4.915
49118,135.1,7.40,170,1334,396,4.915
49125,151.5,6.60,170,1334,396,4.915
49132,142.9,7.00,170,1334,396,4.981
49139,140.8,7.10,170,1334,396,4.981
49146,144.9,6.90,170,1334,396,4.981
49153,142.9,7.00,170,1334,396,4.981
49160,144.9,6.90,170,1334,396,4.981
49166,149.3,6.70,170,1334,396,4.981
49173,144.9,6.90,170,1334,396,4.981
49180,144.9,6.90,170,1334,396,4.981
49187,142.9,7.00,170,1334,396,4.981
49194,144.9,6.90,170,1334,396,4.981
49201,142.9,7.00,170,1334,396,4.981
49208,144.9,6.90,170,1334,396,4.981
49215,137.0,7.30,169,1334,396,4.981
49222,149.3,6.70,169,1334,396,4.981
49229,142.9,7.00,169,1334,396,4.981
49236,142.9,7.00,169,1334,396,4.981
49243,147.1,6.80,169,1334,396,4.915
49250,144.9,6.90,169,1334,396,4.915
49257,138.9,7.20,169,1334,396,4.915
49264,147.1,6.80,169,1334,396,4.915
49271,142.9,7.00,169,1334,396,4.915
49278,144.9,6.90,169,1334,396,4.915
49285,142.9,7.00,169,1334,396,4.915
49292,144.9,6.90,169,1334,396,4.915
49298,144.9,6.90,169,1334,396,5.046
49305,142.9,7.00,169,1334,396,5.046
49312,142.9,7.00,169,1334,396,5.046
49320,137.0,7.30,169,1334,396,5.046
49326,149.3,6.70,169,1334,396,5.046
49333,144.9,6.90,169,1334,396,5.046
49340,147.1,6.80,169,1334,396,5.046
49347,142.9,7.00,169,1334,396,5.046
49354,142.9,7.00,169,1334,396,5.112
49361,144.9,6.90,169,1334,396,5.112
49368,142.9,7.00,169,1334,396,5.112
49375,144.9,6.90,169,1334,396,5.112
49382,147.1,6.80,169,1334,396,5.112
49389,142.9,7.00,169,1334,396,5.112
49396,142.9,7.00,169,1334,396,5.112
49403,147.1,6.80,167,1334,396,5.112
49410,142.9,7.00,167,1334,396,5.046
49417,140.8,7.10,167,1334,396,5.046
49423,147.1,6.80,167,1334,396,5.046
49430,144.9,6.90,167,1334,396,5.046
49437,142.9,7.00,167,1334,396,5.112
49444,142.9,7.00,167,1334,396,5.112
49451,144.9,6.90,167,1334,396,5.112
49458,144.9,6.90,167,1334,396,5.112
49465,142.9,7.00,167,1334,396,5.046
49472,147.1,6.80,167,1334,396,5.046
49479,140.8,7.10,167,1334,396,5.046
49486,144.9,6.90,167,1334,396,5.046
49493,142.9,7.00,167,1334,396,5.046
49500,147.1,6.80,167,1334,396,5.046
49507,140.8,7.10,167,1334,396,5.046
49514,147.1,6.80,167,1334,396,5.046
49521,129.9,7.70,167,1334,396,5.046
49528,153.8,6.50,167,1334,396,5.046
49535,147.1,6.80,167,1334,396,5.046
49541,147.1,6.80,167,1334,396,5.046
49548,147.1,6.80,167,1334,396,5.112
49555,138.9,7.20,167,1334,396,5.112
49562,147.1,6.80,167,1334,396,5.112
49569,144.9,6.90,167,1334,396,5.112
49576,140.8,7.10,167,1334,396,5.046
49583,144.9,6.90,167,1334,396,5.046
49590,144.9,6.90,167,1334,396,5.046
49597,140.8,7.10,166,1334,396,5.046
49604,144.9,6.90,166,1334,396,5.112
49611,147.1,6.80,166,1334,396,5.112
49618,138.9,7.20,166,1334,396,5.112
49625,147.1,6.80,166,1334,396,5.112
49632,140.8,7.10,166,1334,396,5.112
49639,144.9,6.90,166,1334,396,5.112
49646,147.1,6.80,166,1334,396,5.112
49653,144.9,6.90,166,1334,396,5.112
49660,133.3,7.50,166,1334,396,5.112
49667,153.8,6.50,166,1334,396,5.112
49673,144.9,6.90,166,1334,396,5.112
49680,142.9,7.00,166,1334,396,5.112
49687,142.9,7.00,165,1334,396,5.112
49694,147.1,6.80,164,1334,396,5.112
49701,144.9,6.90,164,1334,396,5.112
49708,142.9,7.00,164,1334,396,5.112
49715,144.9,6.90,164,1334,396,5.046
49722,142.9,7.00,164,1334,396,5.046
49729,142.9,7.00,164,1334,396,5.046
49736,147.1,6.80,164,1334,396,5.046
49743,140.8,7.10,164,1334,396,5.112
49750,144.9,6.90,164,1334,396,5.112
49757,144.9,6.90,164,1334,396,5.112
49764,140.8,7.10,164,1334,396,5.112
49771,144.9,6.90,164,1334,396,5.112
49778,147.1,6.80,164,1334,396,5.112
49785,142.9,7.00,164,1334,396,5.112
49791,144.9,6.90,164,1334,396,5.112
49798,144.9,6.90,164,1334,396,5.046
49805,144.9,6.90,163,1334,396,5.046
49812,140.8,7.10,162,1334,396,5.046
49820,138.9,7.20,162,1334,396,5.177
49826,149.3,6.70,162,1334,396,5.177
49833,147.1,6.80,162,1334,396,5.177
49840,140.8,7.10,162,1334,396,5.177
49847,142.9,7.00,162,1334,396,5.112
49854,144.9,6.90,162,1334,396,5.112
49861,138.9,7.20,162,1334,396,5.112
49868,151.5,6.60,162,1334,396,5.112
49875,142.9,7.00,161,1334,396,5.177
49882,142.9,7.00,161,1334,396,5.177
49889,144.9,6.90,161,1334,396,5.177
49896,144.9,6.90,161,1334,396,5.177
49903,142.9,7.00,161,1334,396,5.112
49909,147.1,6.80,161,1334,396,5.112
49916,142.9,7.00,161,1334,396,5.112
49924,138.9,7.20,161,1334,396,5.112
49930,149.3,6.70,161,1334,396,5.112
49937,142.9,7.00,161,1334,396,5.112
49944,147.1,6.80,161,1334,396,5.112
49951,142.9,7.00,161,1334,396,5.112
49958,142.9,7.00,161,1334,396,5.177
49965,144.9,6.90,161,1334,396,5.177
49972,142.9,7.00,161,1334,396,5.177
49979,142.9,7.00,161,1334,396,5.177
49986,140.8,7.10,161,1334,396,5.112
49993,147.1,6.80,161,1334,396,5.112
50000,147.1,6.80,161,1334,396,5.112
50007,142.9,7.00,161,1334,396,5.112
50014,142.9,7.00,161,1334,396,5.112
50021,142.9,7.00,161,1334,396,5.112
50028,147.1,6.80,161,1334,396,5.112
50035,140.8,7.10,161,1334,396,5.112
50041,149.3,6.70,161,1334,396,5.177
50048,140.8,7.10,162,1334,396,5.177
50055,144.9,6.90,162,1334,396,5.177
50062,144.9,6.90,162,1334,396,5.177
50070,137.0,7.30,162,1334,396,5.112
50076,149.3,6.70,162,1334,396,5.112
50083,140.8,7.10,162,1334,396,5.112
50090,149.3,6.70,162,1334,396,5.112
50097,144.9,6.90,162,1334,396,5.177
50104,140.8,7.10,162,1334,396,5.177
50111,147.1,6.80,162,1334,396,5.177
50118,142.9,7.00,162,1334,396,5.177
50125,142.9,7.00,162,1334,396,5.112
50132,144.9,6.90,162,1334,396,5.112
50139,142.9,7.00,162,1334,396,5.112
50146,142.9,7.00,162,1334,396,5.112
50153,147.1,6.80,162,1334,396,5.177
50160,140.8,7.10,162,1334,396,5.177
50166,147.1,6.80,162,1334,396,5.177
50174,140.8,7.10,162,1334,396,5.177
50180,144.9,6.90,162,1334,396,5.112
50187,144.9,6.90,162,1334,396,5.112
50194,140.8,7.10,161,1334,396,5.112
50201,147.1,6.80,161,1334,396,5.112
50208,144.9,6.90,161,1334,396,5.177
50215,142.9,7.00,161,1334,396,5.177
50222,140.8,7.10,161,1334,396,5.177
50229,147.1,6.80,161,1334,396,5.177
50236,142.9,7.00,161,1334,396,5.177
50243,144.9,6.90,161,1334,396,5.177
50250,149.3,6.70,161,1334,396,5.177
50257,142.9,7.00,161,1334,396,5.177
50264,144.9,6.90,161,1334,396,5.177
50271,140.8,7.10,161,1334,396,5.177
50278,142.9,7.00,161,1334,396,5.177
50285,144.9,6.90,161,1334,396,5.177
50291,147.1,6.80,161,1334,396,5.112
50298,140.8,7.10,161,1334,396,5.112
50305,144.9,6.90,161,1334,396,5.112
50312,142.9,7.00,161,1334,396,5.112
50319,142.9,7.00,160,1334,396,5.177
50326,147.1,6.80,160,1334,396,5.177
50333,140.8,7.10,160,1334,396,5.177
50340,144.9,6.90,160,1334,396,5.177
50347,142.9,7.00,160,1334,396,5.177
50354,144.9,6.90,160,1334,396,5.177
50361,144.9,6.90,160,1334,396,5.177
50368,147.1,6.80,160,1334,396,5.177
50375,140.8,7.10,160,1334,396,5.177
50382,147.1,6.80,160,1334,396,5.177
50389,142.9,7.00,160,1334,396,5.177
50396,140.8,7.10,160,1334,396,5.177
50403,147.1,6.80,160,1334,396,5.177
50409,144.9,6.90,160,1334,396,5.177
50416,142.9,7.00,160,1334,396,5.177
50423,144.9,6.90,160,1334,396,5.177
50430,142.9,7.00,160,1334,396,5.243
50437,142.9,7.00,160,1334,396,5.243
50444,144.9,6.90,160,1334,396,5.243
50451,142.9,7.00,159,1334,396,5.243
50458,144.9,6.90,159,1334,396,5.177
50465,147.1,6.80,159,1334,396,5.177
50472,138.9,7.20,159,1334,396,5.177
50479,142.9,7.00,159,1334,396,5.177
50486,147.1,6.80,159,1334,396,5.243
50493,144.9,6.90,159,1334,396,5.243
50500,144.9,6.90,159,1334,396,5.243
50507,140.8,7.10,159,1334,396,5.243
50514,144.9,6.90,159,1334,396,5.243
50521,144.9,6.90,159,1334,396,5.243
50528,138.9,7.20,159,1334,396,5.243
50535,149.3,6.70,159,1334,396,5.243
50542,142.9,7.00,159,1334,396,5.308
50548,144.9,6.90,159,1334,396,5.308
50555,144.9,6.90,159,1334,396,5.308
50562,142.9,7.00,159,1334,396,5.308
50569,142.9,7.00,159,1334,396,5.243
50576,147.1,6.80,159,1334,396,5.243
50583,142.9,7.00,159,1334,396,5.243
50590,142.9,7.00,159,1334,396,5.243
50597,144.9,6.90,159,1334,396,5.243
50604,144.9,6.90,159,1334,396,5.243
50611,137.0,7.30,159,1334,396,5.243
50618,151.5,6.60,159,1334,396,5.243
50625,140.8,7.10,159,1334,396,5.308
50632,144.9,6.90,159,1334,396,5.308
50639,147.1,6.80,159,1334,396,5.308
50646,142.9,7.00,159,1334,396,5.308
50653,144.9,6.90,159,1334,396,5.308
50660,142.9,7.00,159,1334,396,5.308
50667,142.9,7.00,159,1334,396,5.308
50673,144.9,6.90,159,1334,396,5.308
50680,144.9,6.90,159,1334,396,5.243
50687,142.9,7.00,159,1334,396,5.243
50694,144.9,6.90,159,1334,396,5.243
50701,142.9,7.00,159,1334,396,5.243
50708,142.9,7.00,159,1334,396,5.243
50715,147.1,6.80,159,1334,396,5.243
50722,142.9,7.00,159,1334,396,5.243
50729,142.9,7.00,159,1334,396,5.243
50736,142.9,7.00,159,1334,396,5.243
50743,147.1,6.80,159,1334,396,5.243
50750,144.9,6.90,159,1334,396,5.243
50757,144.9,6.90,159,1334,396,5.243
50764,138.9,7.20,159,1334,396,5.243
50771,149.3,6.70,159,1334,396,5.243
50778,142.9,7.00,159,1334,396,5.243
50784,144.9,6.90,159,1334,396,5.243
50791,142.9,7.00,159,1334,396,5.243
50798,142.9,7.00,159,1334,396,5.243
50805,142.9,7.00,159,1334,396,5.243
50812,144.9,6.90,159,1334,396,5.243
50819,142.9,7.00,159,1334,396,5.243
50826,142.9,7.00,158,1334,396,5.243
50833,147.1,6.80,158,1334,396,5.243
50840,142.9,7.00,158,1334,396,5.243
50847,144.9,6.90,158,1334,396,5.243
50854,142.9,7.00,158,1334,396,5.243
50861,142.9,7.00,158,1334,396,5.243
50868,142.9,7.00,158,1334,396,5.243
50875,138.9,7.20,158,1334,396,5.243
50882,147.1,6.80,158,1334,396,5.243
50889,149.3,6.70,158,1334,396,5.243
50896,142.9,7.00,158,1334,396,5.243
50903,142.9,7.00,158,1334,396,5.243
50910,142.9,7.00,158,1334,396,5.243
50917,147.1,6.80,158,1334,396,5.243
50924,140.8,7.10,158,1334,396,5.243
50931,144.9,6.90,158,1334,396,5.177
50937,144.9,6.90,158,1334,396,5.177
50944,149.3,6.70,158,1334,396,5.177
50951,140.8,7.10,158,1334,396,5.177
50958,144.9,6.90,158,1334,396,5.243
50965,144.9,6.90,158,1334,396,5.243
50972,144.9,6.90,158,1334,396,5.243
50979,144.9,6.90,158,1334,396,5.243
50986,138.9,7.20,158,1334,396,5.243
50993,147.1,6.80,158,1334,396,5.243
51000,142.9,7.00,158,1334,396,5.243
51007,142.9,7.00,158,1334,396,5.243
51014,147.1,6.80,158,1334,396,5.243
51021,142.9,7.00,158,1334,396,5.243
51028,144.9,6.90,158,1334,396,5.243
51035,142.9,7.00,158,1334,396,5.243
51041,144.9,6.90,158,1334,396,5.177
51049,140.8,7.10,157,1334,396,5.177
51055,147.1,6.80,157,1334,396,5.177
51062,144.9,6.90,157,1334,396,5.177
51069,140.8,7.10,157,1334,396,5.177
51076,142.9,7.00,157,1334,396,5.177
51083,147.1,6.80,157,1334,396,5.177
51090,142.9,7.00,157,1334,396,5.177
51098,133.3,7.50,157,1334,396,5.243
51104,153.8,6.50,157,1334,396,5.243
51111,147.1,6.80,157,1334,396,5.243
51118,144.9,6.90,157,1334,396,5.243
51125,140.8,7.10,157,1334,396,5.177
51132,144.9,6.90,157,1334,396,5.177
51139,147.1,6.80,157,1334,396,5.177
51146,142.9,7.00,157,1334,396,5.177
51152,147.1,6.80,157,1334,396,5.243
51159,142.9,7.00,157,1334,396,5.243
51166,142.9,7.00,157,1334,396,5.243
51173,144.9,6.90,157,1334,396,5.243
51180,142.9,7.00,158,1334,396,5.243
51188,135.1,7.40,158,1334,396,5.243
51194,153.8,6.50,158,1334,396,5.243
51201,144.9,6.90,158,1334,396,5.243
51208,144.9,6.90,158,1334,396,5.243
51215,138.9,7.20,158,1334,396,5.243
51222,149.3,6.70,158,1334,396,5.243
51229,140.8,7.10,158,1334,396,5.243
51236,144.9,6.90,158,1334,396,5.243
51243,144.9,6.90,158,1334,396,5.243
51250,144.9,6.90,157,1334,396,5.243
51257,144.9,6.90,157,1334,396,5.243
51264,140.8,7.10,157,1334,396,5.177
51271,144.9,6.90,157,1334,396,5.177
51277,147.1,6.80,157,1334,396,5.177
51284,142.9,7.00,157,1334,396,5.177
51291,142.9,7.00,157,1334,396,5.243
51298,144.9,6.90,157,1334,396,5.243
51305,142.9,7.00,157,1334,396,5.243
51312,144.9,6.90,157,1334,396,5.243
51319,147.1,6.80,157,1334,396,5.243
51326,137.0,7.30,157,1334,396,5.243
51333,140.8,7.10,156,1334,396,5.243
51340,149.3,6.70,156,1334,396,5.243
51347,142.9,7.00,156,1334,396,5.308
51354,144.9,6.90,156,1334,396,5.308
51361,144.9,6.90,156,1334,396,5.308
51368,142.9,7.00,156,1334,396,5.308
51375,147.1,6.80,156,1334,396,5.308
51382,138.9,7.20,156,1334,396,5.308
51389,149.3,6.70,156,1334,396,5.308
51396,142.9,7.00,156,1334,396,5.308
51403,144.9,6.90,156,1334,396,5.243
51409,144.9,6.90,156,1334,396,5.243
51416,142.9,7.00,156,1334,396,5.243
51423,142.9,7.00,156,1334,396,5.243
51430,144.9,6.90,156,1334,396,5.308
51437,144.9,6.90,156,1334,396,5.308
51444,142.9,7.00,156,1334,396,5.308
51451,140.8,7.10,156,1334,396,5.308
51458,149.3,6.70,156,1334,396,5.243
51465,144.9,6.90,156,1334,396,5.243
51472,142.9,7.00,156,1334,396,5.243
51479,142.9,7.00,156,1334,396,5.243
51486,144.9,6.90,156,1334,396,5.177
51493,142.9,7.00,156,1334,396,5.177
51500,142.9,7.00,156,1334,396,5.177
51507,147.1,6.80,156,1334,396,5.177
51514,140.8,7.10,156,1334,396,5.243
51521,147.1,6.80,156,1334,396,5.243
51528,142.9,7.00,156,1334,396,5.243
51535,142.9,7.00,156,1334,396,5.243
51542,142.9,7.00,156,1334,396,5.243
51549,142.9,7.00,156,1334,396,5.243
51555,147.1,6.80,156,1334,396,5.243
51562,144.9,6.90,156,1334,396,5.243
51569,142.9,7.00,156,1334,396,5.177
51576,142.9,7.00,155,1334,396,5.177
51583,144.9,6.90,155,1334,396,5.177
51590,137.0,7.30,155,1334,396,5.177
51597,153.8,6.50,155,1334,396,5.243
51604,144.9,6.90,155,1334,396,5.243
51611,140.8,7.10,155,1334,396,5.243
51618,144.9,6.90,155,1334,396,5.243
51625,142.9,7.00,155,1334,396,5.243
51632,147.1,6.80,155,1334,396,5.243
51639,142.9,7.00,154,1334,396,5.243
51646,142.9,7.00,154,1334,396,5.243
51653,140.8,7.10,154,1334,396,5.243
51659,149.3,6.70,154,1334,396,5.243
51666,142.9,7.00,154,1334,396,5.243
51673,144.9,6.90,154,1334,396,5.243
51680,142.9,7.00,153,1334,396,5.243
51687,140.8,7.10,153,1334,396,5.243
51694,147.1,6.80,153,1334,396,5.243
51701,140.8,7.10,153,1334,396,5.243
51708,149.3,6.70,153,1334,396,5.243
51715,142.9,7.00,153,1334,396,5.243
51722,142.9,7.00,153,1334,396,5.243
51729,147.1,6.80,153,1334,396,5.243
51736,140.8,7.10,153,1334,396,5.243
51743,144.9,6.90,152,1334,396,5.243
51750,144.9,6.90,152,1334,396,5.243
51757,144.9,6.90,152,1334,396,5.243
51764,142.9,7.00,152,1334,396,5.243
51771,142.9,7.00,151,1334,396,5.243
51778,144.9,6.90,151,1334,396,5.243
51784,144.9,6.90,151,1334,396,5.243
51791,142.9,7.00,151,1334,396,5.243
51798,144.9,6.90,151,1334,396,5.243
51805,142.9,7.00,151,1334,396,5.243
51812,142.9,7.00,151,1334,396,5.243
51819,144.9,6.90,151,1334,396,5.243
51826,144.9,6.90,151,1334,396,5.243
51833,142.9,7.00,151,1334,396,5.243
51840,144.9,6.90,151,1334,396,5.243
51847,147.1,6.80,151,1334,396,5.243
51854,138.9,7.20,151,1334,396,5.243
51861,144.9,6.90,151,1334,396,5.243
51868,147.1,6.80,151,1334,396,5.243
51875,140.8,7.10,151,1334,396,5.243
51882,142.9,7.00,151,1334,396,5.243
51889,147.1,6.80,151,1334,396,5.243
51896,144.9,6.90,151,1334,396,5.308
51902,144.9,6.90,151,1334,396,5.308
51910,140.8,7.10,151,1334,396,5.308
51917,140.8,7.10,151,1334,396,5.308
51923,149.3,6.70,151,1334,396,5.243
51930,142.9,7.00,151,1334,396,5.243
51937,142.9,7.00,151,1334,396,5.243
51944,144.9,6.90,151,1334,396,5.243
51951,144.9,6.90,151,1334,396,5.308
51958,142.9,7.00,150,1334,396,5.308
51965,144.9,6.90,150,1334,396,5.308
51972,144.9,6.90,150,1334,396,5.308
51979,142.9,7.00,150,1334,396,5.308
51986,144.9,6.90,150,1334,396,5.308
51993,142.9,7.00,150,1334,396,5.308
52000,144.9,6.90,150,1334,396,5.308
52007,144.9,6.90,150,1334,396,5.308
52014,140.8,7.10,150,1334,396,5.308
52021,144.9,6.90,149,1334,396,5.308
52027,147.1,6.80,149,1334,396,5.308
52034,142.9,7.00,149,1334,396,5.308
52042,140.8,7.10,149,1334,396,5.308
52048,144.9,6.90,149,1334,396,5.308
52055,142.9,7.00,149,1334,396,5.308
52062,144.9,6.90,149,1334,396,5.308
52069,144.9,6.90,149,1334,396,5.308
52076,142.9,7.00,149,1334,396,5.308
52083,147.1,6.80,148,1334,396,5.308
52090,140.8,7.10,148,1334,396,5.308
52097,144.9,6.90,148,1334,396,5.308
52104,142.9,7.00,148,1334,396,5.308
52111,147.1,6.80,148,1334,396,5.308
52118,142.9,7.00,148,1334,396,5.243
52125,144.9,6.90,148,1334,396,5.243
52132,144.9,6.90,148,1334,396,5.243
52139,140.8,7.10,148,1334,396,5.243
52146,142.9,7.00,148,1334,396,5.308
52153,147.1,6.80,148,1334,396,5.308
52159,144.9,6.90,148,1334,396,5.308
52167,140.8,7.10,148,1334,396,5.308
52173,144.9,6.90,148,1334,396,5.243
52180,144.9,6.90,148,1334,396,5.243
52187,142.9,7.00,148,1334,396,5.243
52194,144.9,6.90,148,1334,396,5.243
52201,142.9,7.00,148,1334,396,5.243
52208,142.9,7.00,148,1334,396,5.243
52215,147.1,6.80,148,1334,396,5.243
52222,144.9,6.90,148,1334,396,5.243
52229,142.9,7.00,148,1334,396,5.308
52236,142.9,7.00,148,1334,396,5.308
52243,144.9,6.90,148,1334,396,5.308
52250,144.9,6.90,148,1334,396,5.308
52257,147.1,6.80,148,1334,396,5.308
52264,142.9,7.00,148,1334,396,5.308
52271,140.8,7.10,148,1334,396,5.308
52277,147.1,6.80,148,1334,396,5.308
52284,144.9,6.90,148,1334,396,5.374
52292,138.9,7.20,148,1334,396,5.374
52298,147.1,6.80,148,1334,396,5.374
52305,142.9,7.00,148,1334,396,5.374
52312,144.9,6.90,148,1334,396,5.243
52319,142.9,7.00,148,1334,396,5.243
52326,147.1,6.80,148,1334,396,5.243
52333,138.9,7.20,148,1334,396,5.243
52340,144.9,6.90,148,1334,396,5.243
52347,147.1,6.80,148,1334,396,5.243
52354,137.0,7.30,148,1334,396,5.243
52361,149.3,6.70,148,1334,396,5.243
52368,142.9,7.00,148,1334,396,5.177
52375,147.1,6.80,148,1334,396,5.177
52382,140.8,7.10,148,1334,396,5.177
52389,147.1,6.80,148,1334,396,5.177
52396,142.9,7.00,148,1334,396,5.243
52402,147.1,6.80,148,1334,396,5.243
52409,142.9,7.00,148,1334,396,5.243
52416,144.9,6.90,148,1334,396,5.243
52423,142.9,7.00,148,1334,396,5.177
52430,142.9,7.00,148,1334,396,5.177
52437,142.9,7.00,148,1334,396,5.177
52444,147.1,6.80,148,1334,396,5.177
52451,142.9,7.00,148,1334,396,5.243
52458,144.9,6.90,148,1334,396,5.243
52465,142.9,7.00,148,1334,396,5.243
52472,144.9,6.90,148,1334,396,5.243
52479,144.9,6.90,148,1334,396,5.243
52486,140.8,7.10,148,1334,396,5.243
52493,144.9,6.90,148,1334,396,5.243
52500,140.8,7.10,148,1334,396,5.243
52507,144.9,6.90,148,1334,396,5.177
52514,144.9,6.90,148,1334,396,5.177
52521,147.1,6.80,148,1334,396,5.177
52527,144.9,6.90,148,1334,396,5.177
52535,140.8,7.10,148,1334,396,5.243
52541,144.9,6.90,148,1334,396,5.243
52548,144.9,6.90,148,1334,396,5.243
52555,142.9,7.00,148,1334,396,5.243
52562,144.9,6.90,148,1334,396,5.243
52569,140.8,7.10,148,1334,396,5.243
52576,149.3,6.70,148,1334,396,5.243
52583,142.9,7.00,148,1334,396,5.243
52590,142.9,7.00,148,1334,396,5.177
52597,147.1,6.80,148,1334,396,5.177
52604,138.9,7.20,148,1334,396,5.177
52611,147.1,6.80,148,1334,396,5.177
52618,142.9,7.00,148,1334,396,5.243
52625,137.0,7.30,148,1334,396,5.243
52632,151.5,6.60,148,1334,396,5.243
52639,142.9,7.00,148,1334,396,5.177
52646,147.1,6.80,148,1334,396,5.177
52653,142.9,7.00,148,1334,396,5.177
52659,144.9,6.90,148,1334,396,5.177
52667,140.8,7.10,148,1334,396,5.177
52673,144.9,6.90,148,1334,396,5.177
52680,144.9,6.90,148,1334,396,5.177
52687,144.9,6.90,148,1334,396,5.177
52694,144.9,6.90,148,1334,396,5.112
52701,142.9,7.00,147,1334,396,5.112
52708,144.9,6.90,147,1334,396,5.112
52715,142.9,7.00,147,1334,396,5.112
52722,142.9,7.00,147,1334,396,5.177
52729,142.9,7.00,147,1334,396,5.177
52736,147.1,6.80,147,1334,396,5.177
52743,144.9,6.90,147,1334,396,5.177
52750,142.9,7.00,145,1334,396,5.177
52757,142.9,7.00,145,1334,396,5.177
52764,147.1,6.80,145,1334,396,5.177
52771,142.9,7.00,145,1334,396,5.177
52778,138.9,7.20,145,1334,396,5.177
52784,149.3,6.70,145,1334,396,5.177
52792,138.9,7.20,145,1334,396,5.177
52799,144.9,6.90,145,1334,396,5.177
52805,147.1,6.80,145,1334,396,5.177
52812,140.8,7.10,144,1334,396,5.177
52819,142.9,7.00,143,1334,396,5.177
52826,147.1,6.80,143,1334,396,5.177
52833,142.9,7.00,142,1334,396,5.112
52840,149.3,6.70,142,1334,396,5.112
52847,137.0,7.30,142,1334,396,5.112
52854,147.1,6.80,142,1334,396,5.112
52861,147.1,6.80,142,1334,396,5.177
52868,135.1,7.40,142,1334,396,5.177
52875,147.1,6.80,142,1334,396,5.177
52882,147.1,6.80,142,1334,396,5.177
52889,142.9,7.00,142,1334,396,5.243
52896,147.1,6.80,142,1334,396,5.243
52903,144.9,6.90,142,1334,396,5.243
52910,140.8,7.10,142,1334,396,5.243
52916,147.1,6.80,142,1334,396,5.243
52923,142.9,7.00,142,1334,396,5.243
52930,147.1,6.80,141,1334,396,5.243
52937,140.8,7.10,141,1334,396,5.243
52944,142.9,7.00,141,1334,396,5.177
52951,147.1,6.80,141,1334,396,5.177
52958,142.9,7.00,141,1334,396,5.177
52965,142.9,7.00,141,1334,396,5.177
52972,144.9,6.90,140,1334,396,5.243
52979,144.9,6.90,140,1334,396,5.243
52986,144.9,6.90,139,1334,396,5.243
52993,142.9,7.00,138,1334,396,5.243
53000,149.3,6.70,139,1334,396,5.308
53007,140.8,7.10,139,1334,396,5.308
53014,140.8,7.10,139,1334,396,5.308
53021,147.1,6.80,139,1334,396,5.308
53028,142.9,7.00,139,1334,396,5.308
53034,144.9,6.90,139,1334,396,5.308
53041,142.9,7.00,139,1334,396,5.308
53048,142.9,7.00,139,1334,396,5.308
53055,147.1,6.80,139,1334,396,5.308
53062,144.9,6.90,139,1334,396,5.308
53069,142.9,7.00,139,1334,396,5.308
53076,144.9,6.90,139,1334,396,5.308
53083,142.9,7.00,139,1334,396,5.243
53090,144.9,6.90,138,1334,396,5.243
53097,142.9,7.00,138,1334,396,5.243
53104,142.9,7.00,138,1334,396,5.243
53111,142.9,7.00,137,1334,396,5.243
53118,147.1,6.80,137,1334,396,5.243
53125,142.9,7.00,137,1334,396,5.243
53132,142.9,7.00,137,1334,396,5.243
53139,144.9,6.90,137,1334,396,5.243
53146,144.9,6.90,135,1334,396,5.243
53153,140.8,7.10,135,1334,396,5.243
53159,147.1,6.80,135,1334,396,5.243
53166,144.9,6.90,135,1334,396,5.243
53173,142.9,7.00,135,1334,396,5.243
53180,140.8,7.10,135,1334,396,5.243
53187,147.1,6.80,135,1334,396,5.243
53194,144.9,6.90,135,1334,396,5.308
53201,142.9,7.00,135,1334,396,5.308
53208,142.9,7.00,134,1334,396,5.308
53215,147.1,6.80,134,1334,396,5.308
53222,142.9,7.00,134,1334,396,5.177
53229,140.8,7.10,134,1334,396,5.177
53236,142.9,7.00,134,1334,396,5.177
53243,149.3,6.70,134,1334,396,5.177
53250,144.9,6.90,134,1334,396,5.243
53257,138.9,7.20,133,1334,396,5.243
53264,147.1,6.80,133,1334,396,5.243
53271,144.9,6.90,133,1334,396,5.243
53277,147.1,6.80,133,1334,396,5.112
53284,140.8,7.10,133,1334,396,5.112
53291,142.9,7.00,133,1334,396,5.112
53300,123.5,8.10,133,1334,396,5.112
53306,153.8,6.50,132,1334,396,5.177
53313,153.8,6.50,131,1334,396,5.177
53320,142.9,7.00,131,1334,396,5.177
53327,142.9,7.00,131,1334,396,5.177
53333,144.9,6.90,131,1334,396,5.243
53340,144.9,6.90,131,1334,396,5.243
53347,144.9,6.90,131,1334,396,5.243
53355,128.2,7.80,131,1334,396,5.243
53363,129.9,7.70,131,1334,396,5.177
53368,188.7,5.30,131,1334,396,5.177
53375,147.1,6.80,131,1334,396,5.177
53382,140.8,7.10,131,1334,396,5.177
53389,144.9,6.90,130,1334,396,5.112
53396,149.3,6.70,131,1334,396,5.112
53403,142.9,7.00,131,1334,396,5.112
53410,142.9,7.00,131,1334,396,5.112
53417,140.8,7.10,131,1334,396,5.177
53423,153.8,6.50,131,1334,396,5.177
53430,137.0,7.30,131,1334,396,5.177
53437,149.3,6.70,132,1334,396,5.177
53445,135.1,7.40,132,1334,396,5.177
53451,149.3,6.70,132,1334,396,5.177
53458,147.1,6.80,132,1334,396,5.177
53465,142.9,7.00,132,1334,396,5.177
53472,142.9,7.00,132,1334,396,5.112
53479,144.9,6.90,132,1334,396,5.112
53486,144.9,6.90,132,1334,396,5.112
53493,142.9,7.00,132,1334,396,5.112
53500,144.9,6.90,132,1334,396,5.177
53507,144.9,6.90,132,1334,396,5.177
53514,144.9,6.90,132,1334,396,5.177
53521,142.9,7.00,132,1334,396,5.177
53528,142.9,7.00,132,1334,396,5.112
53535,142.9,7.00,132,1334,396,5.112
53541,144.9,6.90,132,1334,396,5.112
53548,147.1,6.80,131,1334,396,5.112
53556,131.6,7.60,130,1334,396,5.112
53562,156.2,6.40,130,1334,396,5.112
53569,142.9,7.00,130,1334,396,5.112
53576,144.9,6.90,129,1334,396,5.112
53583,140.8,7.10,128,1334,396,5.177
53590,147.1,6.80,128,1334,396,5.177
53597,144.9,6.90,128,1334,396,5.177
53604,142.9,7.00,128,1334,396,5.177
53611,140.8,7.10,128,1334,396,5.112
53618,149.3,6.70,128,1334,396,5.112
53625,135.1,7.40,127,1334,396,5.112
53632,151.5,6.60,125,1334,396,5.112
53639,144.9,6.90,125,1334,396,5.112
53645,147.1,6.80,125,1334,396,5.112
53653,138.9,7.20,125,1334,396,5.112
53659,147.1,6.80,125,1334,396,5.112
53667,140.8,7.10,125,1334,396,5.046
53673,147.1,6.80,125,1334,396,5.046
53680,142.9,7.00,125,1334,396,5.046
53687,144.9,6.90,125,1334,396,5.046
53694,140.8,7.10,125,1334,396,5.046
53701,147.1,6.80,125,1334,396,5.046
53708,140.8,7.10,125,1334,396,5.046
53715,149.3,6.70,125,1334,396,5.046
53722,142.9,7.00,125,1334,396,5.046
53729,142.9,7.00,125,1334,396,5.046
53736,144.9,6.90,125,1334,396,5.046
53743,142.9,7.00,126,1334,396,5.046
53750,144.9,6.90,126,1334,396,4.981
53757,142.9,7.00,125,1334,396,4.981
53764,144.9,6.90,125,1334,396,4.981
53771,138.9,7.20,125,1334,396,4.981
53778,149.3,6.70,125,1334,396,4.981
53785,142.9,7.00,125,1334,396,4.981
53791,147.1,6.80,124,1334,396,4.981
53798,144.9,6.90,124,1334,396,4.981
53805,138.9,7.20,124,1334,396,5.046
53812,149.3,6.70,123,1334,396,5.046
53819,140.8,7.10,123,1334,396,5.046
53826,147.1,6.80,124,1334,396,5.046
53834,126.6,7.90,124,1334,396,4.915
53840,163.9,6.10,124,1334,396,4.915
53847,144.9,6.90,124,1334,396,4.915
53854,142.9,7.00,124,1334,396,4.915
53861,140.8,7.10,123,1334,396,4.981
53868,149.3,6.70,123,1334,396,4.981
53875,138.9,7.20,123,1334,396,4.981
53882,144.9,6.90,123,1334,396,4.981
53889,147.1,6.80,123,1334,396,4.981
53895,147.1,6.80,123,1334,396,4.981
53903,140.8,7.10,123,1334,396,4.981
53910,138.9,7.20,123,1334,396,4.981
53916,151.5,6.60,123,1334,396,4.915
53923,140.8,7.10,123,1334,396,4.915
53930,147.1,6.80,123,1334,396,4.915
53937,144.9,6.90,123,1334,396,4.915
53944,140.8,7.10,123,1334,396,4.915
53951,147.1,6.80,123,1334,396,4.915
53959,128.2,7.80,123,1334,396,4.915
53965,161.3,6.20,123,1334,396,4.915
53972,140.8,7.10,123,1334,396,4.850
53979,147.1,6.80,123,1334,396,4.850
53986,142.9,7.00,123,1334,396,4.850
53993,144.9,6.90,123,1334,396,4.850
54000,140.8,7.10,123,1334,396,4.784
54007,149.3,6.70,123,1334,396,4.784
54014,142.9,7.00,123,1334,396,4.784
54021,138.9,7.20,123,1334,396,4.784
54028,149.3,6.70,123,1334,396,4.850
54034,144.9,6.90,123,1334,396,4.850
54042,140.8,7.10,123,1334,396,4.850
54049,142.9,7.00,123,1334,396,4.784
54056,142.9,7.00,123,1334,396,4.784
54062,149.3,6.70,123,1334,396,4.784
54069,138.9,7.20,123,1334,396,4.719
54076,147.1,6.80,123,1334,396,4.719
54083,147.1,6.80,123,1334,396,4.719
54090,140.8,7.10,123,1334,396,4.719
54097,144.9,6.90,123,1334,396,4.784
54104,142.9,7.00,123,1334,396,4.784
54111,147.1,6.80,123,1334,396,4.784
54118,142.9,7.00,123,1334,396,4.784
54125,140.8,7.10,123,1334,396,4.784
54132,144.9,6.90,123,1334,396,4.784
54139,144.9,6.90,123,1334,396,4.784
54146,140.8,7.10,123,1334,396,4.784
54153,147.1,6.80,123,1334,396,4.719
54160,140.8,7.10,122,1334,396,4.719
54166,151.5,6.60,122,1334,396,4.719
54173,142.9,7.00,122,1334,396,4.719
54181,138.9,7.20,122,1334,396,4.719
54187,151.5,6.60,122,1334,396,4.719
54194,137.0,7.30,122,1334,396,4.719
54201,151.5,6.60,122,1334,396,4.719
54209,131.6,7.60,122,1334,396,4.653
54215,156.2,6.40,122,1334,396,4.653
54222,138.9,7.20,122,1334,396,4.653
54229,149.3,6.70,122,1334,396,4.653
54236,142.9,7.00,122,1334,396,4.653
54243,144.9,6.90,122,1334,396,4.653
54250,140.8,7.10,121,1334,396,4.653
54257,149.3,6.70,121,1334,396,4.653
54264,140.8,7.10,121,1334,396,4.653
54271,142.9,7.00,121,1334,396,4.653
54278,144.9,6.90,121,1334,396,4.653
54285,144.9,6.90,121,1334,396,4.653
54292,142.9,7.00,120,1334,396,4.719
54299,142.9,7.00,120,1334,396,4.719
54305,144.9,6.90,120,1334,396,4.719
54312,147.1,6.80,120,1334,396,4.719
54319,138.9,7.20,120,1334,396,4.653
54326,149.3,6.70,120,1334,396,4.653
54333,140.8,7.10,120,1334,396,4.653
54340,147.1,6.80,120,1334,396,4.653
54347,138.9,7.20,120,1334,396,4.588
54354,147.1,6.80,120,1334,396,4.588
54361,140.8,7.10,120,1334,396,4.588
54368,147.1,6.80,120,1334,396,4.588
54375,142.9,7.00,120,1334,396,4.653
54382,151.5,6.60,120,1334,396,4.653
54389,137.0,7.30,120,1334,396,4.653
54396,149.3,6.70,120,1334,396,4.653
54403,140.8,7.10,120,1334,396,4.588
54410,142.9,7.00,119,1334,396,4.588
54416,147.1,6.80,119,1334,396,4.588
54424,140.8,7.10,119,1334,396,4.588
54431,140.8,7.10,119,1334,396,4.588
54437,153.8,6.50,119,1334,396,4.588
54444,140.8,7.10,119,1334,396,4.588
54451,138.9,7.20,119,1334,396,4.522
54458,147.1,6.80,119,1334,396,4.522
54465,144.9,6.90,119,1334,396,4.522
54472,144.9,6.90,120,1334,396,4.522
54479,142.9,7.00,120,1334,396,4.522
54486,147.1,6.80,120,1334,396,4.522
54493,140.8,7.10,119,1334,396,4.522
54500,144.9,6.90,119,1334,396,4.522
54507,140.8,7.10,119,1334,396,4.522
54514,147.1,6.80,119,1334,396,4.522
54521,144.9,6.90,119,1334,396,4.522
54528,142.9,7.00,119,1334,396,4.522
54535,137.0,7.30,119,1334,396,4.588
54542,151.5,6.60,119,1334,396,4.588
54548,144.9,6.90,119,1334,396,4.588
54555,142.9,7.00,119,1334,396,4.588
54562,142.9,7.00,119,1334,396,4.522
54569,149.3,6.70,119,1334,396,4.522
54576,140.8,7.10,119,1334,396,4.522
54583,142.9,7.00,119,1334,396,4.522
54590,140.8,7.10,119,1334,396,4.522
54597,149.3,6.70,119,1334,396,4.522
54604,140.8,7.10,119,1334,396,4.522
54611,147.1,6.80,119,1334,396,4.522
54618,140.8,7.10,119,1334,396,4.522
54625,144.9,6.90,119,1334,396,4.522
54632,140.8,7.10,119,1334,396,4.522
54639,151.5,6.60,118,1334,396,4.522
54646,137.0,7.30,118,1334,396,4.456
54653,151.5,6.60,118,1334,396,4.456
54660,138.9,7.20,118,1334,396,4.456
54667,147.1,6.80,118,1334,396,4.456
54674,140.8,7.10,118,1334,396,4.456
54680,151.5,6.60,118,1334,396,4.456
54687,138.9,7.20,118,1334,396,4.456
54694,147.1,6.80,118,1334,396,4.456
54701,140.8,7.10,118,1334,396,4.456
54708,142.9,7.00,118,1334,396,4.456
54715,142.9,7.00,118,1334,396,4.456
54722,151.5,6.60,118,1334,396,4.456
54729,137.0,7.30,118,1334,396,4.522
54736,149.3,6.70,118,1334,396,4.522
54743,144.9,6.90,118,1334,396,4.522
54750,140.8,7.10,118,1334,396,4.522
54757,133.3,7.50,118,1334,396,4.456
54764,161.3,6.20,117,1334,396,4.456
54771,138.9,7.20,117,1334,396,4.456
54778,147.1,6.80,117,1334,396,4.456
54785,140.8,7.10,117,1334,396,4.456
54792,147.1,6.80,117,1334,396,4.456
54798,144.9,6.90,117,1334,396,4.456
54806,140.8,7.10,118,1334,396,4.456
54813,142.9,7.00,117,1334,396,4.456
54819,149.3,6.70,117,1334,396,4.456
54826,142.9,7.00,117,1334,396,4.456
54833,138.9,7.20,115,1334,396,4.456
54840,147.1,6.80,116,1334,396,4.456
54847,147.1,6.80,116,1334,396,4.456
54854,138.9,7.20,116,1334,396,4.456
54861,149.3,6.70,116,1334,396,4.456
54868,138.9,7.20,116,1334,396,4.456
54875,147.1,6.80,116,1334,396,4.456
54882,142.9,7.00,116,1334,396,4.456
54889,149.3,6.70,116,1334,396,4.456
54896,140.8,7.10,116,1334,396,4.456
54903,147.1,6.80,115,1334,396,4.456
54910,140.8,7.10,116,1334,396,4.456
54916,147.1,6.80,116,1334,396,4.456
54924,138.9,7.20,116,1334,396,4.456
54930,147.1,6.80,116,1334,396,4.456
54937,144.9,6.90,116,1334,396,4.456
54944,142.9,7.00,116,1334,396,4.456
54951,142.9,7.00,116,1334,396,4.456
54958,144.9,6.90,115,1334,396,4.456
54965,144.9,6.90,115,1334,396,4.456
54972,142.9,7.00,115,1334,396,4.456
54979,142.9,7.00,115,1334,396,4.456
54986,147.1,6.80,115,1334,396,4.456
54993,142.9,7.00,114,1334,396,4.456
55000,142.9,7.00,114,1334,396,4.456
55007,144.9,6.90,114,1334,396,4.522
55014,140.8,7.10,114,1334,396,4.522
55021,147.1,6.80,114,1334,396,4.522
55028,147.1,6.80,114,1334,396,4.522
55035,140.8,7.10,113,1334,396,4.456
55042,144.9,6.90,113,1334,396,4.456
55048,144.9,6.90,113,1334,396,4.456
55056,140.8,7.10,113,1334,396,4.456
55062,144.9,6.90,113,1334,396,4.456
55069,144.9,6.90,113,1334,396,4.456
55076,142.9,7.00,113,1334,396,4.456
55084,138.9,7.20,113,1334,396,4.456
55090,151.5,6.60,113,1334,396,4.456
55097,142.9,7.00,113,1334,396,4.456
55104,142.9,7.00,113,1334,396,4.456
55111,142.9,7.00,113,1334,396,4.522
55118,149.3,6.70,113,1334,396,4.522
55125,140.8,7.10,113,1334,396,4.522
55132,144.9,6.90,113,1334,396,4.522
55139,140.8,7.10,113,1334,396,4.391
55146,147.1,6.80,113,1334,396,4.391
55153,147.1,6.80,113,1334,396,4.391
55160,140.8,7.10,113,1334,396,4.391
55167,142.9,7.00,113,1334,396,4.391
55173,147.1,6.80,113,1334,396,4.391
55180,144.9,6.90,113,1334,396,4.391
55187,140.8,7.10,113,1334,396,4.391
55195,140.8,7.10,113,1334,396,4.391
55201,151.5,6.60,113,1334,396,4.391
55208,140.8,7.10,112,1334,396,4.391
55215,142.9,7.00,112,1334,396,4.391
55222,138.9,7.20,112,1334,396,4.391
55229,151.5,6.60,112,1334,396,4.391
55236,142.9,7.00,112,1334,396,4.391
55243,147.1,6.80,111,1334,396,4.391
55250,140.8,7.10,111,1334,396,4.391
55257,144.9,6.90,111,1334,396,4.391
55264,142.9,7.00,111,1334,396,4.391
55271,142.9,7.00,111,1334,396,4.391
55278,144.9,6.90,110,1334,396,4.391
55285,138.9,7.20,110,1334,396,4.391
55292,151.5,6.60,110,1334,396,4.391
55299,140.8,7.10,110,1334,396,4.391
55306,144.9,6.90,110,1334,396,4.456
55312,147.1,6.80,110,1334,396,4.456
55320,138.9,7.20,110,1334,396,4.456
55326,149.3,6.70,109,1334,396,4.456
55333,142.9,7.00,109,1334,396,4.391
55340,142.9,7.00,109,1334,396,4.391
55347,144.9,6.90,109,1334,396,4.391
55354,142.9,7.00,109,1334,396,4.391
55361,142.9,7.00,109,1334,396,4.391
55368,142.9,7.00,109,1334,396,4.391
55375,151.5,6.60,109,1334,396,4.391
55382,137.0,7.30,109,1334,396,4.391
55389,147.1,6.80,108,1334,396,4.391
55396,142.9,7.00,108,1334,396,4.391
55403,144.9,6.90,108,1334,396,4.391
55410,142.9,7.00,108,1334,396,4.391
55417,147.1,6.80,108,1334,396,4.456
55424,142.9,7.00,108,1334,396,4.456
55430,149.3,6.70,108,1334,396,4.456
55437,140.8,7.10,108,1334,396,4.456
55444,144.9,6.90,108,1334,396,4.391
55451,147.1,6.80,108,1334,396,4.391
55458,140.8,7.10,108,1334,396,4.391
55465,147.1,6.80,108,1334,396,4.391
55472,140.8,7.10,106,1334,396,4.391
55479,149.3,6.70,106,1334,396,4.391
55486,142.9,7.00,106,1334,396,4.391
55493,140.8,7.10,106,1334,396,4.391
55500,140.8,7.10,106,1334,396,4.391
55507,149.3,6.70,105,1334,396,4.391
55514,140.8,7.10,105,1334,396,4.391
55521,144.9,6.90,105,1334,396,4.391
55528,144.9,6.90,105,1334,396,4.391
55535,137.0,7.30,105,1334,396,4.391
55541,153.8,6.50,105,1334,396,4.391
55549,140.8,7.10,105,1334,396,4.391
55556,142.9,7.00,105,1334,396,4.391
55563,142.9,7.00,105,1334,396,4.391
55569,144.9,6.90,104,1334,396,4.391
55576,147.1,6.80,104,1334,396,4.391
55583,144.9,6.90,103,1334,396,4.456
55590,138.9,7.20,102,1334,396,4.456
55597,147.1,6.80,102,1334,396,4.456
55604,144.9,6.90,102,1334,396,4.456
55611,142.9,7.00,102,1334,396,4.391
55618,142.9,7.00,102,1334,396,4.391
55625,144.9,6.90,102,1334,396,4.391
55632,142.9,7.00,102,1334,396,4.391
55639,147.1,6.80,102,1334,396,4.391
55646,147.1,6.80,102,1334,396,4.391
55653,140.8,7.10,102,1334,396,4.391
55660,144.9,6.90,102,1334,396,4.391
55667,142.9,7.00,102,1334,396,4.456
55673,147.1,6.80,102,1334,396,4.456
55681,140.8,7.10,102,1334,396,4.456
55688,142.9,7.00,102,1334,396,4.456
55694,147.1,6.80,102,1334,396,4.456
55701,140.8,7.10,102,1334,396,4.456
55708,142.9,7.00,102,1334,396,4.456
55715,149.3,6.70,102,1334,396,4.456
55722,140.8,7.10,101,1334,396,4.456
55729,149.3,6.70,100,1334,396,4.456
55736,142.9,7.00,100,1334,396,4.456
55743,142.9,7.00,99,1334,396,4.456
55750,142.9,7.00,99,1334,396,4.391
55757,142.9,7.00,98,1334,396,4.391
55764,147.1,6.80,97,1334,396,4.391
55771,137.0,7.30,96,1334,396,4.456
55778,149.3,6.70,96,1334,396,4.456
55785,142.9,7.00,96,1334,396,4.456
55792,147.1,6.80,96,1334,396,4.456
55799,140.8,7.10,96,1334,396,4.391
55805,147.1,6.80,96,1334,396,4.391
55813,140.8,7.10,97,1334,396,4.391
55819,144.9,6.90,97,1334,396,4.391
55826,144.9,6.90,97,1334,396,4.391
55833,144.9,6.90,96,1334,396,4.391
55840,142.9,7.00,96,1334,396,4.391
55847,142.9,7.00,96,1334,396,4.391
55854,147.1,6.80,96,1334,396,4.391
55861,144.9,6.90,96,1334,396,4.391
55868,140.8,7.10,96,1334,396,4.391
55875,144.9,6.90,96,1334,396,4.391
55882,144.9,6.90,96,1334,396,4.391
55889,140.8,7.10,95,1334,396,4.391
55896,147.1,6.80,95,1334,396,4.391
55903,142.9,7.00,95,1334,396,4.391
55910,142.9,7.00,95,1334,396,4.325
55917,147.1,6.80,95,1334,396,4.325
55924,138.9,7.20,95,1334,396,4.325
55930,151.5,6.60,95,1334,396,4.325
55938,138.9,7.20,95,1334,396,4.325
55944,147.1,6.80,95,1334,396,4.325
55951,142.9,7.00,95,1334,396,4.325
55958,140.8,7.10,95,1334,396,4.325
55965,147.1,6.80,95,1334,396,4.325
55973,137.0,7.30,96,1334,396,4.325
55979,158.7,6.30,96,1334,396,4.325
55986,137.0,7.30,96,1334,396,4.325
56029,23.1,43.30,95,1334,396,4.325
56036,158.7,6.30,95,1334,396,4.325
56041,178.6,5.60,95,1334,396,4.325
56048,140.8,7.10,95,1334,396,4.325
56055,142.9,7.00,95,1334,396,4.981
56062,144.9,6.90,95,1334,396,4.981
56069,140.8,7.10,94,1334,396,4.981
56076,144.9,6.90,94,1334,396,4.325
56083,144.9,6.90,94,1334,396,4.325
56090,144.9,6.90,94,1334,396,4.325
56097,142.9,7.00,94,1334,396,4.325
56104,144.9,6.90,94,1334,396,4.325
56111,140.8,7.10,94,1334,396,4.325
56118,147.1,6.80,94,1334,396,4.325
56125,142.9,7.00,94,1334,396,4.325
56132,144.9,6.90,95,1334,396,4.391
56139,144.9,6.90,95,1334,396,4.391
56146,140.8,7.10,95,1334,396,4.391
56153,147.1,6.80,95,1334,396,4.391
56160,144.9,6.90,95,1334,396,4.325
56167,140.8,7.10,95,1334,396,4.325
56174,140.8,7.10,95,1334,396,4.325
56180,149.3,6.70,95,1334,396,4.325
56187,142.9,7.00,95,1334,396,4.325
56194,147.1,6.80,95,1334,396,4.325
56201,140.8,7.10,95,1334,396,4.325
56208,144.9,6.90,95,1334,396,4.325
56215,142.9,7.00,95,1334,396,4.391
56222,149.3,6.70,95,1334,396,4.391
56229,138.9,7.20,95,1334,396,4.391
56236,147.1,6.80,95,1334,396,4.391
56243,142.9,7.00,95,1334,396,4.391
56250,142.9,7.00,96,1334,396,4.391
56257,147.1,6.80,96,1334,396,4.391
56264,140.8,7.10,96,1334,396,4.391
56271,142.9,7.00,96,1334,396,4.325
56278,147.1,6.80,96,1334,396,4.325
56284,147.1,6.80,96,1334,396,4.325
56292,137.0,7.30,96,1334,396,4.325
56299,147.1,6.80,96,1334,396,4.391
56306,142.9,7.00,94,1334,396,4.391
56313,142.9,7.00,94,1334,396,4.391
56319,149.3,6.70,94,1334,396,4.391
56326,142.9,7.00,94,1334,396,4.391
56333,140.8,7.10,94,1334,396,4.391
56340,147.1,6.80,94,1334,396,4.391
56347,142.9,7.00,94,1334,396,4.391
56354,144.9,6.90,94,1334,396,4.391
56361,142.9,7.00,94,1334,396,4.391
56368,144.9,6.90,94,1334,396,4.391
56375,140.8,7.10,94,1334,396,4.391
56382,144.9,6.90,94,1334,396,4.391
56389,149.3,6.70,94,1334,396,4.391
56396,138.9,7.20,94,1334,396,4.391
56403,147.1,6.80,94,1334,396,4.391
56410,142.9,7.00,94,1334,396,4.391
56417,144.9,6.90,94,1334,396,4.391
56424,142.9,7.00,94,1334,396,4.391
56431,142.9,7.00,94,1334,396,4.391
56437,144.9,6.90,94,1334,396,4.391
56444,144.9,6.90,94,1334,396,4.391
56451,142.9,7.00,94,1334,396,4.391
56458,149.3,6.70,94,1334,396,4.391
56465,142.9,7.00,94,1334,396,4.391
56472,142.9,7.00,94,1334,396,4.391
56479,140.8,7.10,94,1334,396,4.391
56486,144.9,6.90,93,1334,396,4.391
56493,149.3,6.70,93,1334,396,4.391
56500,142.9,7.00,95,1334,396,4.391
56507,142.9,7.00,95,1334,396,4.391
56514,144.9,6.90,95,1334,396,4.325
56521,137.0,7.30,95,1334,396,4.325
56527,156.2,6.40,95,1334,396,4.325
56535,138.9,7.20,95,1334,396,4.325
56542,140.8,7.10,95,1334,396,4.325
56548,151.5,6.60,95,1334,396,4.325
56555,140.8,7.10,95,1334,396,4.325
56563,140.8,7.10,95,1334,396,4.325
56569,144.9,6.90,95,1334,396,4.391
56576,147.1,6.80,95,1334,396,4.391
56583,142.9,7.00,95,1334,396,4.391
56590,142.9,7.00,95,1334,396,4.391
56597,144.9,6.90,95,1334,396,4.391
56604,142.9,7.00,95,1334,396,4.391
56611,144.9,6.90,95,1334,396,4.391
56618,147.1,6.80,95,1334,396,4.391
56625,140.8,7.10,95,1334,396,4.325
56632,142.9,7.00,95,1334,396,4.325
56639,144.9,6.90,95,1334,396,4.325
56645,151.5,6.60,95,1334,396,4.325
56653,140.8,7.10,95,1334,396,4.325
56660,142.9,7.00,95,1334,396,4.391
56667,138.9,7.20,95,1334,396,4.391
56674,147.1,6.80,95,1334,396,4.391
56680,144.9,6.90,95,1334,396,4.391
56687,147.1,6.80,95,1334,396,4.391
56694,140.8,7.10,95,1334,396,4.391
56701,144.9,6.90,95,1334,396,4.391
56708,140.8,7.10,95,1334,396,4.391
56715,147.1,6.80,95,1334,396,4.391
56722,140.8,7.10,95,1334,396,4.391
56729,144.9,6.90,95,1334,396,4.391
56736,144.9,6.90,95,1334,396,4.391
56743,144.9,6.90,95,1334,396,4.325
56750,144.9,6.90,95,1334,396,4.325
56757,144.9,6.90,95,1334,396,4.325
56764,142.9,7.00,95,1334,396,4.325
56771,142.9,7.00,95,1334,396,4.325
56778,142.9,7.00,95,1334,396,4.325
56785,142.9,7.00,95,1334,396,4.325
56792,147.1,6.80,95,1334,396,4.325
56798,144.9,6.90,95,1334,396,4.325
56806,140.8,7.10,95,1334,396,4.325
56813,142.9,7.00,95,1334,396,4.325
56819,147.1,6.80,95,1334,396,4.325
56826,144.9,6.90,95,1334,396,4.325
56833,140.8,7.10,96,1334,396,4.325
56840,144.9,6.90,96,1334,396,4.325
56847,144.9,6.90,96,1334,396,4.325
56854,144.9,6.90,95,1334,396,4.260
56861,142.9,7.00,94,1334,396,4.260
56868,144.9,6.90,94,1334,396,4.260
56875,140.8,7.10,94,1334,396,4.260
56882,149.3,6.70,94,1334,396,4.325
56889,140.8,7.10,94,1334,396,4.325
56896,142.9,7.00,94,1334,396,4.325
56903,149.3,6.70,94,1334,396,4.325
56910,140.8,7.10,94,1334,396,4.260
56917,142.9,7.00,94,1334,396,4.260
56924,142.9,7.00,95,1334,396,4.260
56930,149.3,6.70,95,1334,396,4.260
56938,137.0,7.30,94,1334,396,4.260
56944,149.3,6.70,94,1334,396,4.260
56951,140.8,7.10,94,1334,396,4.260
56958,144.9,6.90,94,1334,396,4.260
56965,142.9,7.00,94,1334,396,4.260
56972,151.5,6.60,94,1334,396,4.260
56979,137.0,7.30,94,1334,396,4.260
56986,147.1,6.80,93,1334,396,4.260
56993,142.9,7.00,93,1334,396,4.325
57000,147.1,6.80,93,1334,396,4.325
57007,142.9,7.00,93,1334,396,4.325
57014,138.9,7.20,93,1334,396,4.325
57021,153.8,6.50,93,1334,396,4.260
57028,140.8,7.10,93,1334,396,4.260
57035,142.9,7.00,93,1334,396,4.260
57041,147.1,6.80,93,1334,396,4.260
57048,142.9,7.00,93,1334,396,4.391
57055,142.9,7.00,93,1334,396,4.391
57063,137.0,7.30,94,1334,396,4.391
57069,156.3,6.40,94,1334,396,4.391
57076,140.8,7.10,94,1334,396,4.260
57084,133.3,7.50,94,1334,396,4.260
57090,156.3,6.40,94,1334,396,4.260
57097,137.0,7.30,94,1334,396,4.260
57104,151.5,6.60,94,1334,396,4.194
57111,138.9,7.20,94,1334,396,4.194
57118,149.3,6.70,93,1334,396,4.194
57125,149.3,6.70,93,1334,396,4.194
57132,138.9,7.20,93,1334,396,4.260
57139,140.8,7.10,93,1334,396,4.260
57146,151.5,6.60,95,1334,396,4.260
57153,140.8,7.10,95,1334,396,4.260
57160,142.9,7.00,95,1334,396,4.260
57167,144.9,6.90,95,1334,396,4.260
57174,142.9,7.00,95,1334,396,4.260
57180,144.9,6.90,95,1334,396,4.325
57188,140.8,7.10,95,1334,396,4.325
57194,149.3,6.70,95,1334,396,4.325
57201,140.8,7.10,95,1334,396,4.325
57208,144.9,6.90,95,1334,396,4.325
57215,140.8,7.10,95,1334,396,4.325
57222,147.1,6.80,95,1334,396,4.325
57229,144.9,6.90,95,1334,396,4.325
57236,142.9,7.00,95,1334,396,4.260
57243,147.1,6.80,95,1334,396,4.260
57250,140.8,7.10,95,1334,396,4.260
57257,142.9,7.00,95,1334,396,4.260
57264,149.3,6.70,95,1334,396,4.260
57271,142.9,7.00,95,1334,396,4.260
57278,140.8,7.10,95,1334,396,4.260
57285,144.9,6.90,95,1334,396,4.260
57291,147.1,6.80,95,1334,396,4.325
57299,140.8,7.10,95,1334,396,4.325
57306,140.8,7.10,96,1334,396,4.325
57312,147.1,6.80,96,1334,396,4.325
57319,144.9,6.90,96,1334,396,4.260
57326,142.9,7.00,97,1334,396,4.260
57333,142.9,7.00,97,1334,396,4.260
57340,147.1,6.80,97,1334,396,4.260
57347,140.8,7.10,97,1334,396,4.325
57354,147.1,6.80,97,1334,396,4.325
57361,144.9,6.90,97,1334,396,4.325
57368,140.8,7.10,97,1334,396,4.325
57375,147.1,6.80,97,1334,396,4.260
57382,142.9,7.00,97,1334,396,4.260
57389,142.9,7.00,97,1334,396,4.260
57396,144.9,6.90,97,1334,396,4.260
57403,142.9,7.00,97,1334,396,4.260
57410,142.9,7.00,97,1334,396,4.260
57416,149.3,6.70,96,1334,396,4.260
57424,140.8,7.10,96,1334,396,4.260
57430,144.9,6.90,95,1334,396,4.260
57437,142.9,7.00,95,1334,396,4.260
57444,144.9,6.90,96,1334,396,4.260
57451,142.9,7.00,96,1334,396,4.260
57458,144.9,6.90,95,1334,396,4.260
57465,142.9,7.00,96,1334,396,4.260
57472,144.9,6.90,96,1334,396,4.260
57479,142.9,7.00,96,1334,396,4.260
57486,142.9,7.00,96,1334,396,4.260
57493,144.9,6.90,96,1334,396,4.260
57500,142.9,7.00,96,1334,396,4.260
57507,144.9,6.90,96,1334,396,4.260
57514,144.9,6.90,96,1334,396,4.260
57521,147.1,6.80,96,1334,396,4.260
57528,137.0,7.30,96,1334,396,4.260
57535,151.5,6.60,96,1334,396,4.194
57542,140.8,7.10,96,1334,396,4.194
57549,144.9,6.90,96,1334,396,4.194
57556,142.9,7.00,96,1334,396,4.194
57562,144.9,6.90,96,1334,396,4.260
57569,142.9,7.00,96,1334,396,4.260
57576,147.1,6.80,96,1334,396,4.260
57583,140.8,7.10,96,1334,396,4.260
57590,142.9,7.00,96,1334,396,4.260
57597,149.3,6.70,97,1334,396,4.260
57604,149.3,6.70,98,1334,396,4.260
57611,140.8,7.10,98,1334,396,4.260
57618,142.9,7.00,98,1334,396,4.194
57625,144.9,6.90,98,1334,396,4.194
57632,142.9,7.00,98,1334,396,4.194
57639,142.9,7.00,98,1334,396,4.194
57646,142.9,7.00,98,1334,396,4.194
57653,147.1,6.80,98,1334,396,4.194
57660,137.0,7.30,98,1334,396,4.194
57666,153.8,6.50,98,1334,396,4.194
57673,142.9,7.00,98,1334,396,4.194
57680,142.9,7.00,98,1334,396,4.194
57687,140.8,7.10,98,1334,396,4.194
57694,147.1,6.80,98,1334,396,4.194
57702,137.0,7.30,97,1334,396,4.129
57708,149.3,6.70,97,1334,396,4.129
57715,142.9,7.00,97,1334,396,4.129
57722,144.9,6.90,97,1334,396,4.129
57729,142.9,7.00,97,1334,396,4.194
57736,138.9,7.20,97,1334,396,4.194
57743,156.2,6.40,97,1334,396,4.194
57750,138.9,7.20,97,1334,396,4.194
57757,147.1,6.80,97,1334,396,4.260
57764,138.9,7.20,97,1334,396,4.260
57771,147.1,6.80,97,1334,396,4.260
57778,147.1,6.80,97,1334,396,4.260
57785,142.9,7.00,97,1334,396,4.194
57792,140.8,7.10,97,1334,396,4.194
57798,147.1,6.80,97,1334,396,4.194
57805,142.9,7.00,97,1334,396,4.194
57812,142.9,7.00,97,1334,396,4.194
57819,144.9,6.90,97,1334,396,4.194
57826,142.9,7.00,97,1334,396,4.194
57833,142.9,7.00,97,1334,396,4.194
57840,147.1,6.80,97,1334,396,4.194
57847,147.1,6.80,97,1334,396,4.194
57854,142.9,7.00,97,1334,396,4.194
57861,144.9,6.90,97,1334,396,4.194
57868,140.8,7.10,97,1334,396,4.194
57875,142.9,7.00,97,1334,396,4.194
57882,144.9,6.90,97,1334,396,4.194
57889,140.8,7.10,97,1334,396,4.194
57896,144.9,6.90,97,1334,396,4.260
57903,144.9,6.90,97,1334,396,4.260
57910,147.1,6.80,97,1334,396,4.260
57917,142.9,7.00,97,1334,396,4.260
57923,144.9,6.90,97,1334,396,4.194
57930,142.9,7.00,97,1334,396,4.194
57937,142.9,7.00,97,1334,396,4.194
57944,144.9,6.90,97,1334,396,4.194
57951,144.9,6.90,96,1334,396,4.260
57958,142.9,7.00,96,1334,396,4.260
57965,142.9,7.00,96,1334,396,4.260
57972,147.1,6.80,96,1334,396,4.260
57979,140.8,7.10,96,1334,396,4.129
57986,144.9,6.90,96,1334,396,4.129
57993,144.9,6.90,96,1334,396,4.129
58000,140.8,7.10,96,1334,396,4.129
58007,144.9,6.90,96,1334,396,4.194
58014,144.9,6.90,96,1334,396,4.194
58021,142.9,7.00,96,1334,396,4.194
58028,142.9,7.00,96,1334,396,4.194
58035,149.3,6.70,96,1334,396,4.260
58042,142.9,7.00,96,1334,396,4.260
58048,144.9,6.90,96,1334,396,4.260
58055,142.9,7.00,96,1334,396,4.260
58062,144.9,6.90,96,1334,396,4.194
58069,144.9,6.90,96,1334,396,4.194
58076,142.9,7.00,96,1334,396,4.194
58083,142.9,7.00,96,1334,396,4.194
58090,144.9,6.90,96,1334,396,4.260
58097,144.9,6.90,96,1334,396,4.260
58104,140.8,7.10,96,1334,396,4.260
58111,142.9,7.00,96,1334,396,4.260
58118,147.1,6.80,96,1334,396,4.129
58125,142.9,7.00,96,1334,396,4.129
58132,147.1,6.80,96,1334,396,4.129
58139,142.9,7.00,96,1334,396,4.129
58146,140.8,7.10,96,1334,396,4.194
58153,144.9,6.90,96,1334,396,4.194
58159,149.3,6.70,96,1334,396,4.194
58167,138.9,7.20,96,1334,396,4.194
58174,142.9,7.00,96,1334,396,4.194
58181,144.9,6.90,96,1334,396,4.194
58187,147.1,6.80,96,1334,396,4.194
58194,144.9,6.90,96,1334,396,4.194
58201,142.9,7.00,96,1334,396,4.194
58208,144.9,6.90,96,1334,396,4.194
58215,147.1,6.80,96,1334,396,4.194
58222,142.9,7.00,96,1334,396,4.194
58229,140.8,7.10,96,1334,396,4.194
58236,144.9,6.90,96,1334,396,4.194
58243,144.9,6.90,96,1334,396,4.194
58250,144.9,6.90,96,1334,396,4.194
58257,144.9,6.90,95,1334,396,4.260
58264,142.9,7.00,95,1334,396,4.260
58271,140.8,7.10,95,1334,396,4.260
58278,144.9,6.90,95,1334,396,4.260
58285,147.1,6.80,95,1334,396,4.194
58292,137.0,7.30,95,1334,396,4.194
58298,151.5,6.60,95,1334,396,4.194
58305,144.9,6.90,95,1334,396,4.194
58312,144.9,6.90,95,1334,396,4.194
58319,142.9,7.00,95,1334,396,4.194
58326,140.8,7.10,95,1334,396,4.194
58333,144.9,6.90,95,1334,396,4.194
58340,144.9,6.90,95,1334,396,4.194
58347,142.9,7.00,95,1334,396,4.194
58354,147.1,6.80,95,1334,396,4.194
58361,142.9,7.00,95,1334,396,4.194
58368,142.9,7.00,95,1334,396,4.194
58375,142.9,7.00,95,1334,396,4.194
58382,142.9,7.00,95,1334,396,4.194
58389,144.9,6.90,95,1334,396,4.129
58396,144.9,6.90,95,1334,396,4.129
58403,138.9,7.20,95,1334,396,4.129
58410,151.5,6.60,95,1334,396,4.129
58417,140.8,7.10,95,1334,396,4.194
58424,144.9,6.90,95,1334,396,4.194
58431,142.9,7.00,95,1334,396,4.194
58438,142.9,7.00,95,1334,396,4.194
58444,149.3,6.70,95,1334,396,4.194
58451,142.9,7.00,95,1334,396,4.194
58458,144.9,6.90,95,1334,396,4.194
58465,140.8,7.10,95,1334,396,4.194
58472,142.9,7.00,95,1334,396,4.194
58479,144.9,6.90,95,1334,396,4.194
58486,144.9,6.90,95,1334,396,4.194
58493,135.1,7.40,95,1334,396,4.194
58500,158.7,6.30,95,1334,396,4.194
58507,142.9,7.00,95,1334,396,4.194
58514,142.9,7.00,95,1334,396,4.194
58521,142.9,7.00,95,1334,396,4.194
58528,144.9,6.90,95,1334,396,4.194
58535,142.9,7.00,95,1334,396,4.194
58542,138.9,7.20,95,1334,396,4.194
58548,153.8,6.50,95,1334,396,4.194
58555,140.8,7.10,95,1334,396,4.129
58562,144.9,6.90,95,1334,396,4.129
58569,142.9,7.00,95,1334,396,4.129
58576,144.9,6.90,95,1334,396,4.129
58583,144.9,6.90,95,1334,396,4.129
58590,142.9,7.00,95,1334,396,4.129
58597,140.8,7.10,95,1334,396,4.129
58604,144.9,6.90,95,1334,396,4.129
58611,147.1,6.80,95,1334,396,4.129
58618,144.9,6.90,95,1334,396,4.129
58625,142.9,7.00,95,1334,396,4.129
58632,138.9,7.20,95,1334,396,4.129
58639,149.3,6.70,95,1334,396,4.129
58646,142.9,7.00,95,1334,396,4.129
58653,144.9,6.90,95,1334,396,4.129
58660,144.9,6.90,95,1334,396,4.129
58666,144.9,6.90,94,1334,396,4.194
58673,142.9,7.00,94,1334,396,4.194
58680,144.9,6.90,94,1334,396,4.194
58687,142.9,7.00,94,1334,396,4.194
58695,137.0,7.30,94,1334,396,4.194
58701,153.8,6.50,94,1334,396,4.194
58708,142.9,7.00,94,1334,396,4.194
58715,142.9,7.00,94,1334,396,4.194
58722,144.9,6.90,94,1334,396,4.194
58729,144.9,6.90,94,1334,396,4.194
58736,140.8,7.10,94,1334,396,4.194
58743,144.9,6.90,94,1334,396,4.194
58750,147.1,6.80,94,1334,396,4.129
58757,144.9,6.90,94,1334,396,4.129
58764,142.9,7.00,94,1334,396,4.129
58771,142.9,7.00,94,1334,396,4.129
58778,142.9,7.00,94,1334,396,4.194
58784,147.1,6.80,94,1334,396,4.194
58792,140.8,7.10,94,1334,396,4.194
58799,142.9,7.00,94,1334,396,4.194
58806,142.9,7.00,94,1334,396,4.194
58812,144.9,6.90,94,1334,396,4.194
58819,147.1,6.80,94,1334,396,4.194
58826,142.9,7.00,94,1334,396,4.194
58833,144.9,6.90,94,1334,396,4.194
58840,144.9,6.90,94,1334,396,4.194
58847,142.9,7.00,94,1334,396,4.194
58854,140.8,7.10,94,1334,396,4.129
58861,149.3,6.70,94,1334,396,4.129
58868,142.9,7.00,94,1334,396,4.129
58875,140.8,7.10,94,1334,396,4.129
58882,140.8,7.10,94,1334,396,4.194
58889,151.5,6.60,94,1334,396,4.194
58896,144.9,6.90,93,1334,396,4.194
58903,140.8,7.10,93,1334,396,4.194
58910,144.9,6.90,93,1334,396,4.129
58917,142.9,7.00,93,1334,396,4.129
58924,142.9,7.00,93,1334,396,4.129
58930,144.9,6.90,93,1334,396,4.129
58937,144.9,6.90,93,1334,396,4.129
58944,140.8,7.10,93,1334,396,4.129
58951,149.3,6.70,93,1334,396,4.129
58958,144.9,6.90,92,1334,396,4.129
58965,140.8,7.10,92,1334,396,4.129
58972,147.1,6.80,92,1334,396,4.129
58979,142.9,7.00,92,1334,396,4.129
58986,140.8,7.10,92,1334,396,4.129
58993,144.9,6.90,92,1334,396,4.129
59000,140.8,7.10,92,1334,396,4.129
59007,149.3,6.70,92,1334,396,4.129
59014,144.9,6.90,92,1334,396,4.129
59021,144.9,6.90,91,1334,396,4.194
59027,144.9,6.90,91,1334,396,4.194
59035,140.8,7.10,91,1334,396,4.194
59041,144.9,6.90,91,1334,396,4.194
59048,142.9,7.00,90,1334,396,4.129
59055,142.9,7.00,90,1334,396,4.129
59062,142.9,7.00,90,1334,396,4.129
59069,144.9,6.90,90,1334,396,4.129
59076,147.1,6.80,89,1334,396,4.129
59083,144.9,6.90,88,1334,396,4.129
59090,142.9,7.00,88,1334,396,4.129
59097,142.9,7.00,88,1334,396,4.129
59104,142.9,7.00,86,1334,396,4.129
59111,144.9,6.90,86,1334,396,4.129
59118,144.9,6.90,86,1334,396,4.129
59125,140.8,7.10,86,1334,396,4.129
59132,144.9,6.90,86,1334,396,4.129
59139,144.9,6.90,86,1334,396,4.129
59146,142.9,7.00,85,1334,396,4.129
59153,142.9,7.00,85,1334,396,4.129
59160,147.1,6.80,85,1334,396,4.129
59166,144.9,6.90,85,1334,396,4.129
59173,144.9,6.90,85,1334,396,4.129
59181,138.9,7.20,83,1334,396,4.129
59187,147.1,6.80,83,1334,396,4.129
59194,142.9,7.00,83,1334,396,4.129
59201,144.9,6.90,83,1334,396,4.129
59208,140.8,7.10,83,1334,396,4.129
59215,142.9,7.00,83,1334,396,4.129
59222,147.1,6.80,81,1334,396,4.129
59229,147.1,6.80,81,1334,396,4.129
59236,142.9,7.00,81,1334,396,4.129
59243,144.9,6.90,80,1334,396,4.129
59250,144.9,6.90,80,1334,396,4.129
59257,140.8,7.10,80,1334,396,4.129
59264,147.1,6.80,80,1334,396,4.129
59271,142.9,7.00,79,1334,396,4.129
59278,142.9,7.00,79,1334,396,4.129
59285,144.9,6.90,79,1334,396,4.129
59292,140.8,7.10,79,1334,396,4.129
59298,147.1,6.80,79,1334,396,4.194
59305,142.9,7.00,79,1334,396,4.194
59312,144.9,6.90,79,1334,396,4.194
59319,142.9,7.00,79,1334,396,4.194
59326,147.1,6.80,79,1334,396,4.129
59333,142.9,7.00,79,1334,396,4.129
59340,142.9,7.00,79,1334,396,4.129
59347,142.9,7.00,79,1334,396,4.129
59354,144.9,6.90,79,1334,396,4.129
59361,142.9,7.00,79,1334,396,4.129
59368,142.9,7.00,79,1334,396,4.129
59375,149.3,6.70,79,1334,396,4.129
59382,140.8,7.10,79,1334,396,4.129
59389,144.9,6.90,77,1334,396,4.129
59396,144.9,6.90,77,1334,396,4.129
59403,142.9,7.00,77,1334,396,4.129
59410,140.8,7.10,77,1334,396,4.129
59417,147.1,6.80,77,1334,396,4.129
59424,140.8,7.10,77,1334,396,4.129
59430,147.1,6.80,77,1334,396,4.129
59437,147.1,6.80,77,1334,396,4.129
59444,142.9,7.00,77,1334,396,4.129
59451,142.9,7.00,77,1334,396,4.129
59458,144.9,6.90,77,1334,396,4.129
59465,142.9,7.00,75,1334,396,4.129
59472,144.9,6.90,75,1334,396,4.129
59479,144.9,6.90,75,1334,396,4.129
59486,142.9,7.00,75,1334,396,4.129
59493,144.9,6.90,75,1334,396,4.129
59500,142.9,7.00,75,1334,396,4.129
59507,142.9,7.00,75,1334,396,4.129
59514,147.1,6.80,75,1334,396,4.129
59521,144.9,6.90,75,1334,396,4.129
59528,142.9,7.00,75,1334,396,4.129
59535,140.8,7.10,75,1334,396,4.129
59542,144.9,6.90,75,1334,396,4.129
59548,147.1,6.80,75,1334,396,4.129
59555,142.9,7.00,75,1334,396,4.129
59562,144.9,6.90,75,1334,396,4.129
59569,142.9,7.00,75,1334,396,4.129
59576,144.9,6.90,75,1334,396,4.129
59583,142.9,7.00,75,1334,396,4.129
59590,144.9,6.90,75,1334,396,4.129
59597,140.8,7.10,75,1334,396,4.129
59604,147.1,6.80,75,1334,396,4.129
59611,142.9,7.00,75,1334,396,4.129
59618,142.9,7.00,75,1334,396,4.129
59625,144.9,6.90,75,1334,396,4.129
59632,138.9,7.20,76,1334,396,4.129
59639,149.3,6.70,76,1334,396,4.129
59646,142.9,7.00,76,1334,396,4.129
59653,147.1,6.80,76,1334,396,4.129
59659,144.9,6.90,76,1334,396,4.129
59666,142.9,7.00,76,1334,396,4.129
59673,147.1,6.80,76,1334,396,4.129
59680,140.8,7.10,76,1334,396,4.129
59687,142.9,7.00,76,1334,396,4.129
59694,144.9,6.90,76,1334,396,4.129
59701,144.9,6.90,77,1334,396,4.129
59708,140.8,7.10,77,1334,396,4.129
59715,144.9,6.90,77,1334,396,4.063
59722,144.9,6.90,77,1334,396,4.063
59729,142.9,7.00,77,1334,396,4.063
59736,144.9,6.90,77,1334,396,4.063
59743,147.1,6.80,77,1334,396,4.129
59750,144.9,6.90,77,1334,396,4.129
59757,138.9,7.20,77,1334,396,4.129
59764,144.9,6.90,77,1334,396,4.129
59771,142.9,7.00,76,1334,396,3.998
59778,144.9,6.90,76,1334,396,3.998
59785,140.8,7.10,76,1334,396,3.998
59792,144.9,6.90,76,1334,396,3.998
59799,142.9,7.00,76,1334,396,4.063
59805,149.3,6.70,76,1334,396,4.063
59812,142.9,7.00,76,1334,396,4.063
59819,142.9,7.00,76,1334,396,4.063
59826,147.1,6.80,76,1334,396,4.063
59833,142.9,7.00,76,1334,396,4.063
59840,140.8,7.10,76,1334,396,4.063
59847,144.9,6.90,76,1334,396,4.063
59854,147.1,6.80,76,1334,396,4.063
59861,137.0,7.30,76,1334,396,4.063
59868,144.9,6.90,76,1334,396,4.063
59875,151.5,6.60,76,1334,396,4.063
59882,140.8,7.10,76,1334,396,4.063
59889,140.8,7.10,76,1334,396,4.063
59896,147.1,6.80,76,1334,396,4.063
59903,147.1,6.80,76,1334,396,4.063
59910,142.9,7.00,76,1334,396,4.063
59916,147.1,6.80,76,1334,396,4.063
59923,140.8,7.10,76,1334,396,4.063
59930,142.9,7.00,75,1334,396,4.063
59937,147.1,6.80,75,1334,396,4.063
59944,142.9,7.00,75,1334,396,4.063
59951,144.9,6.90,75,1334,396,4.063
59958,142.9,7.00,75,1334,396,4.063
59965,144.9,6.90,75,1334,396,4.063
59972,142.9,7.00,75,1334,396,4.063
59979,144.9,6.90,75,1334,396,4.063
59986,142.9,7.00,75,1334,396,4.063
59993,144.9,6.90,75,1334,396,3.998
60000,144.9,6.90,75,1334,396,3.998
60007,133.3,7.50,405,1334,396,3.998
