API de Renderizacao: WEBGPU
Cenario: D
Timestamp Unix de Inicio do Ensaio (ms): 1787856997290
Tempo de Carregamento Inicial (Assets + Draco): 5.68 segundos (5682.80 ms)
Taxa de Quadros (FPS) Media: 114.17 FPS
Taxa de Quadros (FPS) Minima (Pico de Engasgo): 0.56 FPS
Taxa de Quadros (FPS) Maxima: 212.77 FPS
Tempo de Frame Medio: 25.33 ms
Tempo de Frame Maximo: 1791.00 ms
Draw Calls Medio: 227.0
Draw Calls Maximo: 1006
Geometrias na VRAM (final): 1334
Texturas na VRAM (final): 396
Tempo de GPU Medio (ms): 17.252
Overhead de CPU Medio (ms): 8.074
Total de Quadros Amostrados: 2369 frames

--- DADOS BRUTOS QUADRO A QUADRO ---
Tempo Decorrido (ms),FPS Instantaneo,Tempo de Frame (ms),Draw Calls,Geometrias,Texturas,Tempo de GPU (ms)
1792,0.6,1791.00,1006,1332,396,1.769
1806,70.4,14.20,1006,1332,396,1.769
1943,7.3,136.50,1004,1332,396,1.769
2051,9.2,108.50,1003,1332,396,71.565
2185,7.5,134.10,1002,1332,396,71.565
2280,10.6,94.30,1000,1332,396,71.565
2379,10.1,99.50,999,1332,396,67.633
2474,10.6,94.60,998,1332,396,67.633
2581,9.4,106.90,997,1332,396,67.633
2678,10.3,97.20,996,1332,396,68.026
2774,10.4,95.70,992,1332,396,68.026
2869,10.5,95.60,990,1332,396,68.026
2963,10.7,93.70,990,1332,396,67.895
3057,10.6,94.60,989,1332,396,67.895
3155,10.2,97.80,988,1332,396,67.895
3252,10.3,97.10,985,1332,396,69.272
3349,10.4,96.40,983,1332,396,69.272
3441,10.8,92.70,982,1332,396,69.272
3539,10.3,97.20,980,1332,396,69.075
3634,10.5,95.60,979,1332,396,69.075
3729,10.5,95.00,976,1332,396,69.075
3829,10.1,99.30,975,1332,396,72.942
3925,10.4,96.50,974,1332,396,72.942
4021,10.4,95.90,972,1332,396,72.942
4116,10.5,95.40,972,1332,396,68.289
4212,10.5,95.40,968,1332,396,68.289
4307,10.5,95.60,966,1332,396,68.289
4404,10.4,96.20,965,1332,396,69.403
4504,10.0,100.30,964,1332,396,69.403
4605,9.9,101.50,964,1332,396,69.403
4705,10.1,99.50,963,1332,396,71.762
4806,9.9,101.00,963,1332,396,71.762
4903,10.3,97.20,962,1332,396,71.762
5002,10.1,99.00,961,1332,396,71.303
5088,11.7,85.70,960,1332,396,71.303
5171,12.0,83.30,958,1332,396,71.303
5278,9.4,106.70,955,1332,396,78.316
5369,11.0,91.00,955,1332,396,78.316
5469,10.0,100.30,955,1332,396,78.316
5556,11.5,86.90,953,1332,396,60.031
5640,11.9,84.30,952,1332,396,60.031
5722,12.2,82.00,950,1332,396,60.031
5823,9.9,101.00,948,1332,396,75.366
5912,11.2,88.90,949,1332,396,75.366
6000,11.3,88.20,949,1332,396,75.366
6097,10.3,96.90,949,1332,396,70.844
6184,11.6,86.30,949,1332,396,70.844
6278,10.6,94.40,948,1332,396,70.844
6372,10.7,93.50,948,1332,396,66.519
6459,11.5,87.10,947,1332,396,66.519
6540,12.3,81.40,947,1332,396,66.519
6625,11.8,85.00,947,1332,396,57.410
6707,12.2,82.00,947,1332,396,57.410
6792,11.8,84.70,944,1332,396,57.410
6886,10.6,94.50,944,1332,396,68.157
6970,11.9,84.20,945,1332,396,68.157
7045,13.4,74.40,944,1332,396,68.157
7124,12.7,78.70,943,1332,396,50.594
7202,12.8,78.30,943,1332,396,50.594
7288,11.6,86.20,941,1332,396,50.594
7368,12.5,80.20,940,1332,396,52.298
7460,10.9,91.90,939,1332,396,52.298
7539,12.6,79.10,938,1332,396,52.298
7633,10.6,94.20,935,1332,396,68.485
7714,12.5,80.10,932,1332,396,68.485
7792,12.8,78.20,931,1332,396,68.485
7869,12.9,77.50,930,1332,396,52.822
7945,13.1,76.10,928,1332,396,52.822
8036,11.0,90.50,925,1332,396,52.822
8115,12.6,79.60,924,1332,396,55.116
8196,12.4,80.50,923,1332,396,55.116
8278,12.2,82.00,923,1332,396,55.116
8361,12.0,83.40,921,1332,396,59.048
8458,10.3,97.10,920,1332,396,59.048
8542,11.9,83.70,918,1332,396,59.048
8623,12.4,80.90,917,1332,396,55.312
8715,10.8,92.40,915,1332,396,55.312
8809,10.7,93.50,914,1332,396,55.312
8897,11.3,88.30,914,1332,396,62.128
8983,11.7,85.40,914,1332,396,62.128
9080,10.3,97.00,911,1332,396,62.128
9167,11.5,87.00,909,1332,396,59.638
9248,12.2,81.80,908,1332,396,59.638
9328,12.6,79.10,907,1332,396,59.638
9405,12.9,77.60,906,1332,396,52.691
9489,11.9,84.00,906,1332,396,52.691
9564,13.4,74.50,906,1332,396,52.691
9640,13.0,76.80,906,1332,396,51.577
9718,12.8,77.90,904,1332,396,51.577
9809,11.0,90.90,903,1332,396,51.577
9890,12.3,81.00,900,1332,396,55.378
9965,13.3,75.20,900,1332,396,55.378
10038,13.8,72.30,898,1332,396,55.378
10114,13.1,76.60,896,1332,396,50.725
10192,12.9,77.30,893,1332,396,50.725
10278,11.6,86.20,885,1332,396,50.725
10362,11.9,83.80,879,1332,396,56.295
10444,12.1,82.80,878,1332,396,56.295
10539,10.5,94.90,871,1332,396,56.295
10614,13.5,74.20,865,1332,396,47.579
10688,13.5,74.00,855,1332,396,47.579
10758,14.1,70.80,854,1332,396,47.579
10847,11.3,88.80,849,1332,396,63.701
10921,13.6,73.50,842,1332,396,63.701
11009,11.3,88.40,841,1332,396,63.701
11084,13.4,74.90,834,1332,396,48.234
11156,14.0,71.60,826,1332,396,48.234
11236,12.4,80.50,814,1332,396,48.234
11320,11.9,83.80,805,1332,396,58.524
11393,13.6,73.30,797,1332,396,58.524
11465,13.8,72.30,788,1332,396,58.524
11535,14.3,70.00,782,1332,396,44.761
11619,12.0,83.10,777,1332,396,44.761
11693,13.5,73.90,769,1332,396,44.761
11762,14.4,69.50,760,1332,396,44.564
11833,14.0,71.30,755,1332,396,44.564
11903,14.4,69.40,753,1332,396,44.564
11972,14.4,69.50,748,1332,396,45.482
12056,12.0,83.50,744,1332,396,45.482
12126,14.2,70.30,742,1332,396,45.482
12206,12.4,80.40,740,1332,396,56.230
12274,14.9,67.20,735,1332,396,56.230
12342,14.7,67.90,728,1332,396,56.230
12424,12.1,82.80,722,1332,396,57.475
12508,11.9,83.80,717,1332,396,57.475
12585,13.0,77.10,711,1332,396,57.475
12657,13.9,71.70,705,1332,396,46.858
12728,14.1,71.00,703,1332,396,46.858
12797,14.5,68.90,698,1332,396,46.858
12879,12.2,81.80,696,1332,396,57.082
12962,12.0,83.40,689,1332,396,57.082
13037,13.3,75.10,684,1332,396,57.082
13108,14.2,70.50,681,1332,396,46.531
13181,13.7,72.80,680,1332,396,46.531
13260,12.6,79.60,674,1332,396,46.531
13329,14.5,69.20,672,1332,396,45.416
13407,12.9,77.60,662,1332,396,45.416
13487,12.5,79.70,649,1332,396,45.416
13559,13.9,72.00,642,1332,396,47.448
13639,12.5,80.30,634,1332,396,47.448
13711,13.9,72.20,627,1332,396,47.448
13785,13.6,73.80,624,1332,396,48.759
13857,13.9,71.90,620,1332,396,48.759
13928,14.0,71.40,613,1332,396,48.759
14000,13.9,71.70,607,1332,396,46.727
14070,14.2,70.40,602,1332,396,46.727
14144,13.7,73.20,594,1332,396,46.727
14225,12.3,81.60,586,1332,396,57.737
14299,13.5,74.30,575,1332,396,57.737
14369,14.3,69.80,569,1332,396,57.737
14448,12.8,78.40,564,1332,396,54.460
14522,13.4,74.70,559,1332,396,54.460
14595,13.7,73.00,554,1332,396,54.460
14669,13.7,73.20,549,1332,396,48.693
14743,13.5,74.30,542,1332,396,48.693
14818,13.3,75.30,538,1332,396,48.693
14892,13.5,74.10,536,1332,396,49.086
14966,13.6,73.40,535,1332,396,49.086
15043,12.9,77.60,533,1332,396,49.086
15123,12.5,79.80,530,1332,396,55.509
15205,12.2,82.00,529,1332,396,55.509
15285,12.5,79.90,525,1332,396,55.509
15363,12.8,77.90,522,1332,396,54.329
15443,12.5,80.00,517,1332,396,54.329
15545,9.8,102.40,516,1332,396,54.329
15643,10.2,97.60,511,1332,396,71.500
15745,9.8,101.80,506,1332,396,71.500
15824,12.6,79.40,502,1332,396,71.500
15903,12.7,78.60,498,1332,396,53.871
15978,13.3,75.20,496,1332,396,53.871
16067,11.2,88.90,492,1332,396,53.871
16149,12.2,82.30,490,1332,396,58.655
16226,13.0,77.10,487,1332,396,58.655
16300,13.5,74.20,485,1332,396,58.655
16375,13.4,74.50,480,1332,396,50.397
16455,12.5,80.00,478,1332,396,50.397
16535,12.5,79.90,476,1332,396,50.397
16621,11.7,85.70,471,1332,396,61.866
16696,13.3,75.30,467,1332,396,61.866
16780,11.9,84.00,466,1332,396,61.866
16865,11.7,85.40,465,1332,396,61.211
16944,12.7,79.00,463,1332,396,61.211
17035,11.0,90.70,461,1332,396,61.211
17128,10.8,92.40,459,1332,396,66.978
17224,10.4,96.50,458,1332,396,66.978
17306,12.3,81.50,455,1332,396,66.978
17382,13.1,76.30,453,1332,396,52.363
17459,13.0,76.90,451,1332,396,52.363
17553,10.6,93.90,448,1332,396,52.363
17632,12.6,79.10,447,1332,396,54.854
17711,12.6,79.30,445,1332,396,54.854
17807,10.4,96.10,438,1332,396,54.854
17887,12.6,79.40,438,1332,396,55.837
17964,12.9,77.30,437,1332,396,55.837
18040,13.1,76.30,436,1332,396,55.837
18123,12.1,82.60,432,1332,396,58.524
18208,11.7,85.20,427,1332,396,58.524
18285,13.1,76.50,425,1332,396,58.524
18368,12.0,83.30,423,1332,396,60.293
18444,13.1,76.60,421,1332,396,60.293
18524,12.5,80.00,421,1332,396,60.293
18602,13.0,77.20,420,1332,396,53.281
18678,13.2,76.00,418,1332,396,53.281
18754,13.0,76.80,417,1332,396,53.281
18829,13.4,74.80,413,1332,396,51.970
18905,13.2,75.80,410,1332,396,51.970
18988,12.1,82.60,407,1332,396,51.970
19074,11.6,86.40,406,1332,396,62.718
19180,9.4,106.20,404,1332,396,62.718
19250,14.3,70.00,401,1332,396,62.718
19331,12.3,81.20,398,1332,396,58.130
19403,14.0,71.30,396,1332,396,58.130
19480,12.9,77.50,395,1332,396,58.130
19569,11.2,89.00,393,1332,396,65.602
19642,13.8,72.70,390,1332,396,65.602
19715,13.6,73.30,389,1332,396,65.602
19809,10.7,93.50,387,1332,396,66.454
19884,13.3,75.40,386,1332,396,66.454
19973,11.3,88.80,384,1332,396,66.454
20041,14.6,68.40,381,1332,396,45.482
20115,13.5,74.00,378,1332,396,45.482
20195,12.5,80.00,378,1332,396,45.482
20266,14.1,70.70,375,1332,396,47.317
20340,13.5,74.30,374,1332,396,47.317
20417,13.1,76.20,372,1332,396,47.317
20510,10.7,93.10,372,1332,396,56.033
20632,8.2,122.00,370,1332,396,56.033
20717,11.8,84.90,369,1332,396,56.033
20819,9.8,102.40,365,1332,396,78.774
20896,12.9,77.40,364,1332,396,78.774
20973,13.1,76.10,362,1332,396,78.774
21071,10.2,98.30,358,1332,396,74.383
21165,10.6,94.10,357,1332,396,74.383
21292,7.8,127.50,357,1332,396,74.383
21405,8.9,112.60,355,1332,396,87.949
21479,13.5,74.10,353,1332,396,87.949
21597,8.5,117.70,353,1332,396,87.949
21699,9.8,102.20,351,1332,396,78.643
21798,10.1,99.30,348,1332,396,78.643
21903,9.6,104.70,347,1332,396,78.643
22009,9.5,105.60,345,1332,396,81.723
22118,9.1,109.40,345,1332,396,81.723
22194,13.1,76.30,343,1332,396,81.723
22278,12.0,83.10,343,1332,396,59.376
22376,10.2,98.00,342,1332,396,59.376
22472,10.3,96.80,340,1332,396,59.376
22549,13.1,76.20,339,1332,396,52.101
22639,11.1,90.10,337,1332,396,52.101
22713,13.5,74.10,335,1332,396,52.101
22792,12.6,79.30,335,1332,396,54.657
22864,13.9,72.20,334,1332,396,54.657
22949,11.8,84.90,333,1332,396,54.657
23027,12.8,78.20,333,1332,396,53.871
23107,12.5,79.80,333,1332,396,53.871
23182,13.4,74.50,333,1332,396,53.871
23251,14.4,69.50,334,1332,396,46.596
23326,13.3,75.10,332,1332,396,46.596
23397,14.2,70.60,331,1332,396,46.596
23472,13.3,75.20,330,1332,396,49.676
23557,11.8,84.40,329,1332,396,49.676
23654,10.3,97.00,327,1332,396,49.676
23745,11.0,91.10,327,1332,396,66.585
23815,14.1,70.70,325,1332,396,66.585
23886,14.2,70.50,326,1332,396,66.585
23965,12.7,79.00,326,1332,396,54.657
24047,12.2,82.00,326,1332,396,54.657
24123,13.1,76.30,326,1332,396,54.657
24193,14.4,69.60,326,1332,396,46.268
24288,10.5,95.20,327,1332,396,46.268
24368,12.5,79.90,325,1332,396,46.268
24458,11.1,90.30,323,1332,396,66.585
24532,13.6,73.80,322,1332,396,66.585
24605,13.7,73.00,321,1332,396,66.585
24685,12.6,79.60,320,1332,396,56.295
24757,13.9,72.00,320,1332,396,56.295
24830,13.6,73.30,321,1332,396,56.295
24901,14.1,71.10,322,1332,396,48.431
24972,14.1,71.00,322,1332,396,48.431
25046,13.6,73.50,320,1332,396,48.431
25119,13.6,73.80,320,1332,396,49.873
25191,14.0,71.50,320,1332,396,49.873
25261,14.2,70.20,320,1332,396,49.873
25342,12.4,80.60,321,1332,396,56.623
25414,13.9,71.90,324,1332,396,56.623
25484,14.1,70.70,326,1332,396,56.623
25579,10.5,94.90,328,1332,396,70.779
25682,9.7,103.10,329,1332,396,70.779
25764,12.3,81.40,332,1332,396,70.779
25842,12.7,78.50,333,1332,396,55.509
25921,12.7,79.00,335,1332,396,55.509
25991,14.4,69.60,339,1332,396,55.509
26085,10.6,94.70,346,1332,396,70.451
26181,10.5,95.50,349,1332,396,70.451
26257,13.2,75.60,352,1332,396,70.451
26340,12.0,83.40,361,1332,396,57.868
26430,11.1,90.40,366,1332,396,57.868
26526,10.5,95.30,368,1332,396,57.868
26623,10.3,97.30,376,1332,396,73.859
26699,13.2,76.00,382,1332,396,73.859
26775,13.1,76.40,391,1332,396,73.859
26847,13.9,71.70,398,1332,396,47.907
26932,11.8,84.60,409,1332,396,47.907
27077,6.9,144.90,423,1332,396,47.907
27218,7.1,140.80,449,1332,396,53.936
27310,10.8,92.70,465,1332,396,53.936
27436,8.0,125.50,491,1332,396,53.936
27511,13.4,74.80,502,1332,396,51.511
27587,13.1,76.50,518,1332,396,51.511
27695,9.3,107.50,535,1332,396,51.511
27795,9.9,100.60,548,1332,396,75.235
27872,13.1,76.50,551,1332,396,75.235
27946,13.4,74.40,558,1332,396,75.235
28060,8.8,114.00,568,1332,396,57.999
28137,13.0,77.20,574,1332,396,57.999
28215,12.9,77.60,579,1332,396,57.999
28344,7.8,129.00,601,1332,396,55.247
28445,9.9,100.90,654,1332,396,55.247
28539,10.6,94.20,673,1332,396,55.247
28648,9.2,108.70,675,1332,396,83.034
28870,4.5,221.90,680,1332,396,83.034
28949,12.6,79.30,680,1332,396,83.034
29029,12.5,80.30,680,1333,396,55.181
29132,9.8,102.30,680,1334,396,55.181
29210,12.8,78.10,682,1334,396,55.181
29286,13.1,76.60,682,1334,396,50.135
29368,12.2,81.90,681,1334,396,50.135
29442,13.6,73.60,681,1334,396,50.135
29528,11.7,85.80,681,1334,396,60.162
29604,13.1,76.40,675,1334,396,60.162
29705,9.9,101.50,671,1334,396,60.162
29780,13.5,74.20,668,1334,396,49.480
29862,12.1,82.40,667,1334,396,49.480
29937,13.3,75.10,666,1334,396,49.480
30016,12.7,78.50,665,1334,396,52.494
30104,11.3,88.50,664,1334,396,52.494
30193,11.3,88.50,663,1334,396,52.494
30289,10.4,95.90,658,1334,396,68.223
30383,10.5,94.80,657,1334,396,68.223
30480,10.4,96.30,655,1334,396,68.223
30563,12.0,83.40,655,1334,396,59.310
30634,14.0,71.30,655,1334,396,59.310
30706,13.9,72.00,655,1334,396,59.310
30798,10.9,92.10,655,1334,396,67.240
30878,12.6,79.20,654,1334,396,67.240
30960,12.2,82.20,652,1334,396,67.240
31041,12.3,81.50,651,1334,396,56.295
31114,13.8,72.50,647,1334,396,56.295
31184,14.2,70.30,647,1334,396,56.295
31255,14.1,70.80,646,1334,396,46.531
31329,13.5,74.10,645,1334,396,46.531
31411,12.2,81.70,643,1334,396,46.531
31493,12.2,81.90,643,1334,396,55.771
31564,14.1,71.10,643,1334,396,55.771
31648,11.9,84.10,642,1334,396,55.771
31718,14.2,70.50,641,1334,396,46.465
31813,10.5,95.10,641,1334,396,46.465
31883,14.4,69.60,640,1334,396,46.465
31962,12.7,78.50,640,1334,396,54.723
32039,12.9,77.70,640,1334,396,54.723
32118,12.7,78.50,639,1334,396,54.723
32192,13.6,73.80,638,1334,396,49.938
32264,13.9,72.10,637,1334,396,49.938
32337,13.6,73.30,637,1334,396,49.938
32411,13.6,73.70,636,1334,396,48.366
32486,13.3,75.10,636,1334,396,48.366
32566,12.5,80.30,636,1334,396,48.366
32660,10.6,94.20,634,1334,396,69.337
32750,11.2,89.40,634,1334,396,69.337
32821,14.0,71.30,633,1334,396,69.337
32896,13.4,74.70,631,1334,396,49.742
32976,12.5,80.00,629,1334,396,49.742
33067,11.0,91.10,627,1334,396,49.742
33157,11.0,90.50,626,1334,396,65.929
33230,13.7,72.90,625,1334,396,65.929
33307,13.0,76.70,625,1334,396,65.929
33379,13.8,72.40,623,1334,396,48.628
33462,12.1,82.60,621,1334,396,48.628
33535,13.7,73.00,620,1334,396,48.628
33618,12.1,82.70,620,1334,396,58.327
33698,12.4,80.50,620,1334,396,58.327
33772,13.5,74.30,618,1334,396,58.327
33848,13.2,75.60,618,1334,396,52.298
33921,13.7,73.00,618,1334,396,52.298
33997,13.2,75.70,617,1334,396,52.298
34095,10.2,98.40,614,1334,396,74.121
34189,10.7,93.60,611,1334,396,74.121
34277,11.3,88.60,611,1334,396,74.121
34355,12.8,78.10,610,1334,396,53.281
34449,10.6,93.90,609,1334,396,53.281
34550,9.9,100.90,608,1334,396,53.281
34650,10.0,100.10,607,1334,396,73.728
34753,9.7,102.70,605,1334,396,73.728
34831,12.8,78.30,604,1334,396,73.728
34913,12.2,81.80,603,1334,396,57.803
34990,13.1,76.60,603,1334,396,57.803
35066,13.2,75.80,603,1334,396,57.803
35157,11.0,91.20,601,1334,396,67.305
35250,10.7,93.70,601,1334,396,67.305
35347,10.4,96.30,600,1334,396,67.305
35449,9.8,101.90,600,1334,396,74.187
35529,12.4,80.60,599,1334,396,74.187
35607,12.9,77.50,598,1334,396,74.187
35690,12.0,83.30,597,1334,396,59.048
35772,12.3,81.60,595,1334,396,59.048
35856,11.9,84.30,592,1334,396,59.048
35932,13.2,75.90,592,1334,396,51.118
36020,11.3,88.50,591,1334,396,51.118
36106,11.7,85.80,589,1334,396,51.118
36189,12.1,82.90,588,1334,396,58.720
36271,12.2,81.70,585,1334,396,58.720
36346,13.4,74.80,583,1334,396,58.720
36439,10.7,93.50,582,1334,396,69.927
36535,10.4,95.90,579,1334,396,69.927
36616,12.4,80.70,579,1334,396,69.927
36712,10.4,96.10,576,1334,396,72.024
36815,9.7,103.40,575,1334,396,72.024
36895,12.5,80.30,570,1334,396,72.024
36972,13.1,76.60,569,1334,396,52.756
37059,11.6,86.50,567,1334,396,52.756
37133,13.4,74.50,564,1334,396,52.756
37211,12.8,78.00,563,1334,396,54.264
37281,14.3,69.90,562,1334,396,54.264
37365,11.8,84.50,561,1334,396,54.264
37447,12.3,81.50,560,1334,396,53.871
37527,12.4,80.50,560,1334,396,53.871
37604,13.0,76.70,561,1334,396,53.871
37677,13.8,72.60,561,1334,396,49.086
37757,12.4,80.50,561,1334,396,49.086
37833,13.2,75.70,562,1334,396,49.086
37917,11.9,83.70,562,1334,396,59.507
38008,11.0,91.10,561,1334,396,59.507
38092,11.9,84.00,560,1334,396,59.507
38171,12.6,79.60,560,1334,396,54.002
38263,10.9,92.10,562,1334,396,54.002
38347,12.0,83.40,565,1334,396,54.002
38433,11.6,86.20,569,1334,396,62.783
38519,11.6,86.10,568,1334,396,62.783
38605,11.6,86.10,567,1334,396,62.783
38713,9.3,107.50,566,1334,396,82.379
38824,9.0,111.50,561,1334,396,82.379
38911,11.6,86.40,556,1334,396,82.379
38993,12.2,82.10,554,1334,396,58.393
39076,12.0,83.10,556,1334,396,58.393
39177,9.9,101.40,553,1334,396,58.393
39271,10.7,93.30,546,1334,396,67.961
39354,12.0,83.40,535,1334,396,67.961
39447,10.8,92.70,530,1334,396,67.961
39550,9.6,103.80,525,1334,396,79.167
39636,11.8,85.10,503,1334,396,79.167
39719,12.0,83.40,451,1334,396,79.167
39797,12.9,77.70,390,1334,396,53.281
39883,11.5,86.60,370,1334,396,53.281
39965,12.3,81.50,358,1334,396,53.281
40042,13.0,77.00,346,1334,396,53.805
40126,11.9,83.80,328,1334,396,53.805
40204,12.7,78.90,319,1334,396,53.805
40285,12.4,80.70,307,1334,396,58.196
40365,12.5,79.90,295,1334,396,58.196
40448,12.1,82.50,286,1334,396,58.196
40529,12.2,81.80,272,1334,396,58.393
40611,12.3,81.60,262,1334,396,58.393
40696,11.8,84.60,252,1334,396,58.393
40807,8.9,111.90,242,1334,396,88.080
40885,12.9,77.50,236,1334,396,88.080
40968,12.1,82.60,239,1334,396,88.080
41054,11.6,86.30,234,1334,396,63.373
41059,185.2,5.40,233,1334,396,63.373
41176,8.6,116.40,224,1334,396,63.373
41257,12.3,81.50,222,1334,396,63.373
41351,10.7,93.60,220,1334,396,63.373
41434,12.0,83.50,218,1334,396,74.252
41538,9.6,104.00,220,1334,396,74.252
41627,11.3,88.40,219,1334,396,74.252
41732,9.5,105.10,222,1334,396,74.252
41826,10.6,94.40,223,1334,396,74.252
41919,10.8,92.70,222,1334,396,73.925
42007,11.3,88.20,219,1334,396,73.925
42097,11.1,90.00,219,1334,396,73.925
42191,10.7,93.60,217,1334,396,73.925
42281,11.1,89.90,215,1334,396,73.925
42385,9.6,104.60,213,1334,396,69.403
42474,11.2,88.90,211,1334,396,69.403
42565,11.0,91.00,211,1334,396,69.403
42663,10.2,97.80,208,1334,396,69.403
42761,10.2,98.20,208,1334,396,69.403
42870,9.2,108.70,206,1334,396,78.381
42974,9.6,104.20,204,1334,396,78.381
43069,10.5,95.40,204,1334,396,78.381
43155,11.7,85.60,203,1334,396,78.381
43238,12.1,82.60,203,1334,396,78.381
43326,11.3,88.30,203,1334,396,63.111
43412,11.6,86.50,203,1334,396,63.111
43500,11.5,87.20,202,1334,396,63.111
43588,11.3,88.80,201,1334,396,63.111
43689,9.9,100.60,201,1334,396,63.111
43774,11.8,84.60,201,1334,396,81.658
43860,11.5,86.80,201,1334,396,81.658
43960,10.0,99.60,200,1334,396,81.658
44048,11.4,88.10,200,1334,396,81.658
44154,9.4,106.10,200,1334,396,81.658
44256,9.8,101.80,200,1334,396,87.818
44374,8.5,118.30,199,1334,396,87.818
44487,8.9,112.40,198,1334,396,87.818
44593,9.5,105.80,198,1334,396,87.818
44705,8.9,112.70,197,1334,396,87.818
44798,10.8,92.90,197,1334,396,92.406
44928,7.7,129.70,196,1334,396,92.406
45023,10.5,95.00,194,1334,396,92.406
45149,8.0,125.70,194,1334,396,92.406
45252,9.7,103.40,194,1334,396,92.406
45378,7.9,126.00,193,1334,396,91.161
45493,8.7,115.00,192,1334,396,91.161
45609,8.6,116.10,190,1334,396,91.161
45715,9.5,105.50,190,1334,396,91.161
45845,7.7,130.50,189,1334,396,91.161
45948,9.7,102.70,187,1334,396,112.198
46085,7.3,136.80,187,1334,396,112.198
46187,9.8,102.30,187,1334,396,112.198
46263,13.1,76.40,187,1334,396,112.198
46319,18.0,55.70,186,1334,396,40.174
46361,23.8,42.10,186,1334,396,40.174
46417,17.8,56.20,186,1334,396,40.174
46478,16.4,61.10,186,1334,396,40.174
46523,22.5,44.40,186,1334,396,40.174
46583,16.6,60.40,185,1334,396,28.705
46643,16.6,60.20,183,1334,396,28.705
46687,23.1,43.20,183,1334,396,28.705
46751,15.6,64.30,182,1334,396,28.705
46812,16.4,60.80,182,1334,396,24.773
46855,23.0,43.50,182,1334,396,24.773
46910,18.2,54.90,182,1334,396,24.773
46972,16.3,61.50,182,1334,396,24.773
47011,25.5,39.20,182,1334,396,24.773
47067,18.0,55.70,182,1334,396,24.117
47125,17.0,58.90,182,1334,396,24.117
47169,23.2,43.10,181,1334,396,24.117
47203,28.7,34.80,181,1334,396,24.117
47209,172.4,5.80,181,1334,396,2.753
47215,185.2,5.40,181,1334,396,2.753
47221,149.3,6.70,181,1334,396,2.753
47228,140.8,7.10,181,1334,396,2.621
47235,144.9,6.90,181,1334,396,2.621
47242,144.9,6.90,181,1334,396,2.294
47249,140.8,7.10,181,1334,396,2.359
47256,144.9,6.90,181,1334,396,2.359
47263,144.9,6.90,181,1334,396,2.359
47270,144.9,6.90,181,1334,396,2.359
47277,142.9,7.00,181,1334,396,2.359
47284,144.9,6.90,181,1334,396,2.359
47291,142.9,7.00,181,1334,396,2.359
47298,144.9,6.90,181,1334,396,2.359
47305,147.1,6.80,181,1334,396,2.359
47312,140.8,7.10,181,1334,396,2.294
47319,142.9,7.00,181,1334,396,2.294
47325,147.1,6.80,181,1334,396,2.556
47332,142.9,7.00,181,1334,396,2.556
47339,144.9,6.90,181,1334,396,3.211
47346,142.9,7.00,181,1334,396,3.211
47353,142.9,7.00,181,1334,396,2.884
47360,144.9,6.90,181,1334,396,2.884
47367,144.9,6.90,181,1334,396,3.015
47374,144.9,6.90,181,1334,396,3.015
47381,144.9,6.90,181,1334,396,2.621
47388,144.9,6.90,181,1334,396,2.621
47395,140.8,7.10,181,1334,396,2.621
47402,144.9,6.90,181,1334,396,2.621
47409,144.9,6.90,181,1334,396,3.080
47416,142.9,7.00,181,1334,396,3.080
47423,144.9,6.90,181,1334,396,2.949
47430,142.9,7.00,181,1334,396,2.949
47437,144.9,6.90,181,1334,396,2.949
47443,147.1,6.80,181,1334,396,2.949
47451,140.8,7.10,181,1334,396,2.884
47458,138.9,7.20,181,1334,396,2.884
47464,149.3,6.70,181,1334,396,3.473
47471,144.9,6.90,181,1334,396,3.473
47478,142.9,7.00,181,1334,396,2.949
47485,144.9,6.90,181,1334,396,2.949
47492,142.9,7.00,181,1334,396,2.949
47499,144.9,6.90,181,1334,396,2.949
47506,142.9,7.00,180,1334,396,2.949
47513,147.1,6.80,180,1334,396,2.949
47520,142.9,7.00,180,1334,396,2.949
47527,144.9,6.90,180,1334,396,2.949
47534,135.1,7.40,180,1334,396,4.850
47541,151.5,6.60,180,1334,396,4.850
47548,144.9,6.90,180,1334,396,4.915
47555,144.9,6.90,180,1334,396,4.915
47562,144.9,6.90,180,1334,396,4.850
47569,142.9,7.00,180,1334,396,4.850
47576,142.9,7.00,180,1334,396,4.850
47582,144.9,6.90,180,1334,396,4.850
47597,70.4,14.20,180,1334,396,4.850
47605,122.0,8.20,180,1334,396,4.850
47612,140.8,7.10,180,1334,396,4.915
47619,147.1,6.80,180,1334,396,4.915
47627,128.2,7.80,180,1334,396,4.915
47632,169.5,5.90,180,1334,396,4.915
47640,140.8,7.10,180,1334,396,4.456
47647,142.9,7.00,180,1334,396,4.456
47654,138.9,7.20,180,1334,396,4.456
47660,151.5,6.60,180,1334,396,4.456
47668,140.8,7.10,180,1334,396,4.456
47674,147.1,6.80,180,1334,396,4.456
47681,142.9,7.00,180,1334,396,4.456
47688,142.9,7.00,180,1334,396,4.325
47695,144.9,6.90,180,1334,396,4.325
47702,142.9,7.00,180,1334,396,4.325
47709,147.1,6.80,180,1334,396,4.325
47716,138.9,7.20,180,1334,396,4.391
47723,151.5,6.60,180,1334,396,4.391
47730,147.1,6.80,180,1334,396,4.391
47737,142.9,7.00,180,1334,396,4.391
47744,140.8,7.10,180,1334,396,4.981
47750,149.3,6.70,180,1334,396,4.981
47758,140.8,7.10,180,1334,396,4.981
47765,131.6,7.60,180,1334,396,4.981
47772,156.2,6.40,180,1334,396,4.981
47779,140.8,7.10,180,1334,396,4.981
47785,149.3,6.70,180,1334,396,4.981
47792,142.9,7.00,180,1334,396,4.981
47799,144.9,6.90,179,1334,396,4.915
47806,144.9,6.90,179,1334,396,4.915
47813,142.9,7.00,179,1334,396,4.915
47820,147.1,6.80,179,1334,396,4.915
47827,142.9,7.00,179,1334,396,4.850
47834,142.9,7.00,179,1334,396,4.850
47841,140.8,7.10,179,1334,396,4.850
47848,147.1,6.80,179,1334,396,4.850
47855,140.8,7.10,179,1334,396,4.981
47862,147.1,6.80,179,1334,396,4.981
47869,144.9,6.90,178,1334,396,4.981
47876,144.9,6.90,178,1334,396,4.981
47882,144.9,6.90,178,1334,396,4.981
47889,144.9,6.90,178,1334,396,4.981
47897,138.9,7.20,178,1334,396,4.981
47904,137.0,7.30,178,1334,396,4.981
47910,153.8,6.50,178,1334,396,4.915
47917,147.1,6.80,178,1334,396,4.915
47924,142.9,7.00,178,1334,396,4.915
47931,144.9,6.90,178,1334,396,4.915
47938,138.9,7.20,178,1334,396,4.915
47945,147.1,6.80,178,1334,396,4.915
47952,144.9,6.90,178,1334,396,4.915
47959,144.9,6.90,177,1334,396,4.915
47966,135.1,7.40,177,1334,396,4.981
47973,153.8,6.50,177,1334,396,4.981
47980,144.9,6.90,177,1334,396,4.981
47987,144.9,6.90,177,1334,396,4.981
47994,140.8,7.10,177,1334,396,4.915
48001,140.8,7.10,177,1334,396,4.915
48008,147.1,6.80,177,1334,396,4.915
48014,144.9,6.90,177,1334,396,4.915
48021,142.9,7.00,177,1334,396,4.915
48029,135.1,7.40,177,1334,396,4.915
48035,153.8,6.50,177,1334,396,4.915
48042,144.9,6.90,177,1334,396,4.915
48049,144.9,6.90,177,1334,396,4.915
48056,144.9,6.90,177,1334,396,4.915
48063,138.9,7.20,177,1334,396,4.915
48070,149.3,6.70,177,1334,396,4.915
48077,137.0,7.30,177,1334,396,4.915
48084,151.5,6.60,177,1334,396,4.915
48091,144.9,6.90,177,1334,396,4.915
48098,140.8,7.10,177,1334,396,4.915
48105,138.9,7.20,177,1334,396,4.981
48112,151.5,6.60,177,1334,396,4.981
48119,144.9,6.90,177,1334,396,4.981
48126,140.8,7.10,177,1334,396,4.981
48133,144.9,6.90,177,1334,396,4.915
48139,147.1,6.80,177,1334,396,4.915
48146,142.9,7.00,177,1334,396,4.915
48153,144.9,6.90,177,1334,396,4.915
48160,144.9,6.90,177,1334,396,4.981
48168,133.3,7.50,177,1334,396,4.981
48174,151.5,6.60,177,1334,396,4.981
48181,142.9,7.00,177,1334,396,4.981
48188,151.5,6.60,177,1334,396,4.981
48195,140.8,7.10,177,1334,396,4.981
48202,138.9,7.20,176,1334,396,4.981
48209,151.5,6.60,176,1334,396,4.981
48216,144.9,6.90,176,1334,396,4.915
48223,142.9,7.00,176,1334,396,4.915
48230,144.9,6.90,176,1334,396,4.915
48237,138.9,7.20,176,1334,396,4.915
48244,149.3,6.70,176,1334,396,4.915
48251,142.9,7.00,176,1334,396,4.915
48258,140.8,7.10,176,1334,396,4.915
48264,147.1,6.80,176,1334,396,4.915
48272,140.8,7.10,176,1334,396,4.915
48278,147.1,6.80,176,1334,396,4.915
48285,144.9,6.90,176,1334,396,4.915
48292,142.9,7.00,176,1334,396,4.915
48299,138.9,7.20,176,1334,396,4.981
48306,151.5,6.60,176,1334,396,4.981
48313,140.8,7.10,176,1334,396,4.981
48320,147.1,6.80,176,1334,396,4.981
48327,142.9,7.00,176,1334,396,4.981
48334,142.9,7.00,176,1334,396,4.981
48341,144.9,6.90,176,1334,396,4.981
48348,142.9,7.00,176,1334,396,4.981
48355,147.1,6.80,176,1334,396,4.981
48362,142.9,7.00,176,1334,396,4.981
48369,140.8,7.10,176,1334,396,4.981
48376,147.1,6.80,176,1334,396,4.981
48382,144.9,6.90,176,1334,396,4.981
48399,58.8,17.00,176,1334,396,4.981
48405,188.7,5.30,176,1334,396,4.981
48410,181.8,5.50,176,1334,396,4.981
48417,144.9,6.90,176,1334,396,4.981
48424,142.9,7.00,176,1334,396,5.177
48431,140.8,7.10,176,1334,396,5.177
48438,144.9,6.90,176,1334,396,5.177
48445,144.9,6.90,176,1334,396,5.177
48452,140.8,7.10,176,1334,396,4.981
48459,149.3,6.70,176,1334,396,4.981
48466,144.9,6.90,176,1334,396,4.981
48473,142.9,7.00,176,1334,396,4.981
48480,144.9,6.90,176,1334,396,4.981
48487,140.8,7.10,176,1334,396,4.981
48494,147.1,6.80,176,1334,396,4.981
48501,140.8,7.10,176,1334,396,4.981
48508,142.9,7.00,176,1334,396,4.915
48514,147.1,6.80,175,1334,396,4.915
48521,144.9,6.90,175,1334,396,4.915
48528,142.9,7.00,175,1334,396,4.915
48535,144.9,6.90,175,1334,396,4.981
48542,142.9,7.00,175,1334,396,4.981
48549,144.9,6.90,174,1334,396,4.981
48556,142.9,7.00,174,1334,396,4.981
48563,147.1,6.80,174,1334,396,4.981
48570,140.8,7.10,174,1334,396,4.981
48577,140.8,7.10,174,1334,396,4.981
48584,149.3,6.70,174,1334,396,4.981
48591,142.9,7.00,174,1334,396,5.046
48598,144.9,6.90,173,1334,396,5.046
48605,142.9,7.00,173,1334,396,5.046
48612,144.9,6.90,173,1334,396,5.046
48619,140.8,7.10,173,1334,396,4.981
48626,144.9,6.90,173,1334,396,4.981
48632,147.1,6.80,173,1334,396,4.981
48639,144.9,6.90,173,1334,396,4.981
48646,140.8,7.10,173,1334,396,4.981
48653,144.9,6.90,173,1334,396,4.981
48660,142.9,7.00,173,1334,396,4.981
48667,142.9,7.00,173,1334,396,4.981
48674,147.1,6.80,173,1334,396,4.981
48681,144.9,6.90,173,1334,396,4.981
48688,142.9,7.00,173,1334,396,4.981
48695,144.9,6.90,173,1334,396,4.981
48702,140.8,7.10,173,1334,396,5.046
48709,144.9,6.90,173,1334,396,5.046
48716,133.3,7.50,173,1334,396,5.046
48723,156.2,6.40,173,1334,396,5.046
48730,144.9,6.90,173,1334,396,4.981
48737,144.9,6.90,173,1334,396,4.981
48744,142.9,7.00,173,1334,396,4.981
48751,142.9,7.00,173,1334,396,5.046
48758,144.9,6.90,173,1334,396,5.046
48765,140.8,7.10,173,1334,396,5.046
48771,147.1,6.80,173,1334,396,5.046
48779,140.8,7.10,173,1334,396,4.981
48785,149.3,6.70,173,1334,396,4.981
48792,142.9,7.00,173,1334,396,4.981
48799,147.1,6.80,173,1334,396,4.981
48806,142.9,7.00,173,1334,396,4.981
48813,140.8,7.10,173,1334,396,4.981
48820,144.9,6.90,173,1334,396,4.981
48827,144.9,6.90,173,1334,396,4.981
48834,140.8,7.10,173,1334,396,5.046
48841,149.3,6.70,173,1334,396,5.046
48848,144.9,6.90,173,1334,396,5.046
48855,140.8,7.10,173,1334,396,5.046
48862,144.9,6.90,173,1334,396,4.981
48868,147.1,6.80,173,1334,396,4.981
48876,140.8,7.10,173,1334,396,4.981
48883,140.8,7.10,173,1334,396,4.981
48889,147.1,6.80,173,1334,396,5.046
48896,144.9,6.90,173,1334,396,5.046
48903,142.9,7.00,173,1334,396,5.046
48910,144.9,6.90,173,1334,396,5.046
48917,140.8,7.10,173,1334,396,5.046
48924,147.1,6.80,173,1334,396,5.046
48931,144.9,6.90,173,1334,396,5.046
48938,142.9,7.00,173,1334,396,5.046
48945,142.9,7.00,173,1334,396,4.981
48952,144.9,6.90,173,1334,396,4.981
48959,144.9,6.90,172,1334,396,4.981
48966,140.8,7.10,171,1334,396,4.981
48973,144.9,6.90,171,1334,396,5.046
48980,140.8,7.10,171,1334,396,5.046
48987,149.3,6.70,171,1334,396,5.046
48994,137.0,7.30,171,1334,396,5.046
49000,153.8,6.50,171,1334,396,5.046
49007,142.9,7.00,171,1334,396,5.046
49014,142.9,7.00,171,1334,396,5.046
49021,144.9,6.90,171,1334,396,5.046
49028,144.9,6.90,171,1334,396,5.046
49035,144.9,6.90,171,1334,396,5.046
49042,140.8,7.10,170,1334,396,5.046
49049,144.9,6.90,170,1334,396,5.046
49056,140.8,7.10,170,1334,396,5.046
49063,149.3,6.70,170,1334,396,5.046
49070,142.9,7.00,170,1334,396,5.046
49077,142.9,7.00,170,1334,396,5.046
49084,147.1,6.80,170,1334,396,5.046
49091,144.9,6.90,170,1334,396,5.046
49098,142.9,7.00,170,1334,396,5.046
49105,140.8,7.10,170,1334,396,5.046
49112,144.9,6.90,170,1334,396,5.046
49119,144.9,6.90,170,1334,396,5.046
49126,137.0,7.30,170,1334,396,5.046
49133,149.3,6.70,170,1334,396,5.046
49140,142.9,7.00,170,1334,396,5.046
49146,147.1,6.80,170,1334,396,5.046
49153,144.9,6.90,170,1334,396,5.046
49160,142.9,7.00,170,1334,396,5.046
49168,135.1,7.40,170,1334,396,4.981
49174,153.8,6.50,170,1334,396,4.981
49181,142.9,7.00,170,1334,396,4.981
49188,144.9,6.90,170,1334,396,4.981
49195,142.9,7.00,170,1334,396,5.046
49202,144.9,6.90,170,1334,396,5.046
49209,142.9,7.00,170,1334,396,5.046
49216,147.1,6.80,169,1334,396,5.046
49223,140.8,7.10,169,1334,396,4.981
49230,149.3,6.70,169,1334,396,4.981
49237,140.8,7.10,169,1334,396,4.981
49244,142.9,7.00,169,1334,396,4.981
49251,142.9,7.00,169,1334,396,5.046
49258,144.9,6.90,169,1334,396,5.046
49264,144.9,6.90,169,1334,396,5.046
49271,142.9,7.00,169,1334,396,5.046
49278,147.1,6.80,169,1334,396,5.046
49285,142.9,7.00,169,1334,396,5.046
49292,142.9,7.00,169,1334,396,5.046
49299,147.1,6.80,169,1334,396,5.046
49306,140.8,7.10,169,1334,396,4.981
49313,147.1,6.80,169,1334,396,4.981
49320,140.8,7.10,169,1334,396,4.981
49327,147.1,6.80,169,1334,396,4.981
49334,140.8,7.10,169,1334,396,5.046
49341,144.9,6.90,169,1334,396,5.046
49348,144.9,6.90,169,1334,396,5.046
49355,140.8,7.10,169,1334,396,5.046
49362,147.1,6.80,169,1334,396,5.046
49369,140.8,7.10,169,1334,396,5.046
49376,144.9,6.90,169,1334,396,5.046
49383,144.9,6.90,169,1334,396,5.046
49389,144.9,6.90,169,1334,396,5.046
49396,142.9,7.00,169,1334,396,5.046
49403,144.9,6.90,167,1334,396,5.046
49410,142.9,7.00,167,1334,396,5.046
49417,142.9,7.00,167,1334,396,5.046
49424,147.1,6.80,167,1334,396,5.046
49431,140.8,7.10,167,1334,396,5.046
49438,149.3,6.70,167,1334,396,5.046
49445,138.9,7.20,167,1334,396,5.046
49452,149.3,6.70,167,1334,396,5.046
49459,142.9,7.00,167,1334,396,5.046
49466,140.8,7.10,167,1334,396,5.046
49473,147.1,6.80,167,1334,396,5.046
49480,144.9,6.90,167,1334,396,5.046
49487,140.8,7.10,167,1334,396,5.046
49494,142.9,7.00,167,1334,396,5.046
49501,144.9,6.90,167,1334,396,5.112
49507,147.1,6.80,167,1334,396,5.112
49514,144.9,6.90,167,1334,396,5.112
49521,140.8,7.10,167,1334,396,5.112
49529,140.8,7.10,167,1334,396,5.046
49535,147.1,6.80,167,1334,396,5.046
49542,140.8,7.10,167,1334,396,5.046
49549,149.3,6.70,167,1334,396,5.046
49556,140.8,7.10,167,1334,396,5.046
49563,144.9,6.90,167,1334,396,5.046
49570,144.9,6.90,167,1334,396,5.046
49577,147.1,6.80,167,1334,396,5.046
49584,142.9,7.00,167,1334,396,5.046
49591,142.9,7.00,167,1334,396,5.046
49598,142.9,7.00,166,1334,396,5.046
49605,147.1,6.80,166,1334,396,5.046
49612,142.9,7.00,166,1334,396,5.112
49619,142.9,7.00,166,1334,396,5.112
49625,147.1,6.80,166,1334,396,5.112
49632,142.9,7.00,166,1334,396,5.112
49639,142.9,7.00,166,1334,396,5.112
49646,149.3,6.70,166,1334,396,5.112
49653,138.9,7.20,166,1334,396,5.112
49660,144.9,6.90,166,1334,396,5.112
49667,142.9,7.00,166,1334,396,5.112
49674,147.1,6.80,166,1334,396,5.112
49681,140.8,7.10,166,1334,396,5.112
49688,147.1,6.80,165,1334,396,5.112
49695,140.8,7.10,164,1334,396,5.046
49702,142.9,7.00,164,1334,396,5.046
49709,144.9,6.90,164,1334,396,5.046
49716,142.9,7.00,164,1334,396,5.046
49723,147.1,6.80,164,1334,396,5.112
49730,144.9,6.90,164,1334,396,5.112
49737,142.9,7.00,164,1334,396,5.112
49744,144.9,6.90,164,1334,396,5.112
49751,142.9,7.00,164,1334,396,5.112
49758,140.8,7.10,164,1334,396,5.112
49764,147.1,6.80,164,1334,396,5.112
49771,147.1,6.80,164,1334,396,5.112
49778,140.8,7.10,164,1334,396,5.112
49785,144.9,6.90,164,1334,396,5.112
49793,126.6,7.90,164,1334,396,5.112
49799,163.9,6.10,164,1334,396,5.112
49806,138.9,7.20,163,1334,396,5.112
49813,151.5,6.60,162,1334,396,5.112
49820,144.9,6.90,162,1334,396,5.112
49827,142.9,7.00,162,1334,396,5.112
49834,142.9,7.00,162,1334,396,5.112
49841,144.9,6.90,162,1334,396,5.112
49848,144.9,6.90,162,1334,396,5.112
49855,144.9,6.90,162,1334,396,5.112
49862,144.9,6.90,162,1334,396,5.177
49869,142.9,7.00,162,1334,396,5.177
49875,144.9,6.90,161,1334,396,5.177
49882,142.9,7.00,161,1334,396,5.177
49889,142.9,7.00,161,1334,396,5.112
49896,144.9,6.90,161,1334,396,5.112
49903,142.9,7.00,161,1334,396,5.112
49910,144.9,6.90,161,1334,396,5.112
49917,142.9,7.00,161,1334,396,5.177
49924,144.9,6.90,161,1334,396,5.177
49931,137.0,7.30,161,1334,396,5.177
49938,151.5,6.60,161,1334,396,5.177
49945,144.9,6.90,161,1334,396,5.112
49952,144.9,6.90,161,1334,396,5.112
49959,138.9,7.20,161,1334,396,5.112
49966,149.3,6.70,161,1334,396,5.112
49973,140.8,7.10,161,1334,396,5.177
49980,144.9,6.90,161,1334,396,5.177
49987,144.9,6.90,161,1334,396,5.177
49994,144.9,6.90,161,1334,396,5.177
50001,140.8,7.10,161,1334,396,5.112
50007,147.1,6.80,161,1334,396,5.112
50014,142.9,7.00,161,1334,396,5.112
50021,142.9,7.00,161,1334,396,5.112
50028,144.9,6.90,161,1334,396,5.177
50035,142.9,7.00,161,1334,396,5.177
50042,147.1,6.80,161,1334,396,5.177
50049,142.9,7.00,162,1334,396,5.177
50056,144.9,6.90,162,1334,396,5.112
50063,142.9,7.00,162,1334,396,5.112
50070,140.8,7.10,162,1334,396,5.112
50077,147.1,6.80,162,1334,396,5.112
50084,144.9,6.90,162,1334,396,5.112
50091,144.9,6.90,162,1334,396,5.112
50098,142.9,7.00,162,1334,396,5.112
50105,142.9,7.00,162,1334,396,5.112
50112,138.9,7.20,162,1334,396,5.112
50118,153.8,6.50,162,1334,396,5.112
50126,140.8,7.10,162,1334,396,5.112
50133,142.9,7.00,162,1334,396,5.112
50139,144.9,6.90,162,1334,396,5.112
50146,147.1,6.80,162,1334,396,5.112
50153,142.9,7.00,162,1334,396,5.112
50160,140.8,7.10,162,1334,396,5.112
50167,144.9,6.90,162,1334,396,5.112
50174,144.9,6.90,162,1334,396,5.112
50181,144.9,6.90,162,1334,396,5.112
50188,140.8,7.10,162,1334,396,5.112
50195,144.9,6.90,161,1334,396,5.177
50202,142.9,7.00,161,1334,396,5.177
50209,142.9,7.00,161,1334,396,5.177
50216,147.1,6.80,161,1334,396,5.177
50223,147.1,6.80,161,1334,396,5.177
50230,140.8,7.10,161,1334,396,5.177
50237,144.9,6.90,161,1334,396,5.177
50244,142.9,7.00,161,1334,396,5.177
50251,142.9,7.00,161,1334,396,5.177
50258,142.9,7.00,161,1334,396,5.177
50265,144.9,6.90,161,1334,396,5.177
50271,147.1,6.80,161,1334,396,5.177
50278,142.9,7.00,161,1334,396,5.243
50285,147.1,6.80,161,1334,396,5.243
50292,142.9,7.00,161,1334,396,5.243
50299,142.9,7.00,161,1334,396,5.243
50306,144.9,6.90,161,1334,396,5.177
50313,144.9,6.90,161,1334,396,5.177
50320,144.9,6.90,160,1334,396,5.177
50327,138.9,7.20,160,1334,396,5.177
50334,144.9,6.90,160,1334,396,5.177
50341,144.9,6.90,160,1334,396,5.177
50348,142.9,7.00,160,1334,396,5.177
50355,147.1,6.80,160,1334,396,5.177
50362,138.9,7.20,160,1334,396,5.177
50368,151.5,6.60,160,1334,396,5.177
50376,137.0,7.30,160,1334,396,5.177
50383,144.9,6.90,160,1334,396,5.177
50389,149.3,6.70,160,1334,396,5.243
50396,144.9,6.90,160,1334,396,5.243
50403,140.8,7.10,160,1334,396,5.243
50410,147.1,6.80,160,1334,396,5.243
50417,142.9,7.00,160,1334,396,5.177
50424,144.9,6.90,160,1334,396,5.177
50431,140.8,7.10,160,1334,396,5.177
50438,147.1,6.80,160,1334,396,5.177
50445,140.8,7.10,160,1334,396,5.177
50452,144.9,6.90,159,1334,396,5.177
50459,144.9,6.90,159,1334,396,5.177
50466,142.9,7.00,159,1334,396,5.177
50473,142.9,7.00,159,1334,396,5.243
50480,149.3,6.70,159,1334,396,5.243
50487,140.8,7.10,159,1334,396,5.243
50494,144.9,6.90,159,1334,396,5.243
50501,144.9,6.90,159,1334,396,5.243
50507,144.9,6.90,159,1334,396,5.243
50514,144.9,6.90,159,1334,396,5.243
50521,140.8,7.10,159,1334,396,5.243
50528,147.1,6.80,159,1334,396,5.243
50535,144.9,6.90,159,1334,396,5.243
50542,142.9,7.00,159,1334,396,5.243
50549,142.9,7.00,159,1334,396,5.243
50556,142.9,7.00,159,1334,396,5.243
50563,147.1,6.80,159,1334,396,5.243
50570,142.9,7.00,159,1334,396,5.243
50577,138.9,7.20,159,1334,396,5.243
50584,147.1,6.80,159,1334,396,5.243
50591,147.1,6.80,159,1334,396,5.243
50598,140.8,7.10,159,1334,396,5.243
50605,142.9,7.00,159,1334,396,5.243
50612,142.9,7.00,159,1334,396,5.243
50619,149.3,6.70,159,1334,396,5.243
50626,142.9,7.00,159,1334,396,5.243
50633,142.9,7.00,159,1334,396,5.243
50639,147.1,6.80,159,1334,396,5.243
50646,142.9,7.00,159,1334,396,5.243
50653,142.9,7.00,159,1334,396,5.243
50660,147.1,6.80,159,1334,396,5.243
50667,140.8,7.10,159,1334,396,5.308
50674,144.9,6.90,159,1334,396,5.308
50681,142.9,7.00,159,1334,396,5.308
50688,144.9,6.90,159,1334,396,5.308
50695,147.1,6.80,159,1334,396,5.243
50702,142.9,7.00,159,1334,396,5.243
50709,142.9,7.00,159,1334,396,5.243
50716,137.0,7.30,159,1334,396,5.243
50723,151.5,6.60,159,1334,396,5.308
50730,144.9,6.90,159,1334,396,5.308
50737,144.9,6.90,159,1334,396,5.308
50744,137.0,7.30,159,1334,396,5.308
50751,149.3,6.70,159,1334,396,5.243
50758,142.9,7.00,159,1334,396,5.243
50764,144.9,6.90,159,1334,396,5.243
50771,144.9,6.90,159,1334,396,5.243
50779,138.9,7.20,159,1334,396,5.243
50785,144.9,6.90,159,1334,396,5.243
50792,149.3,6.70,159,1334,396,5.243
50799,144.9,6.90,159,1334,396,5.243
50806,140.8,7.10,159,1334,396,5.243
50813,147.1,6.80,159,1334,396,5.243
50820,142.9,7.00,159,1334,396,5.243
50827,144.9,6.90,158,1334,396,5.243
50834,142.9,7.00,158,1334,396,5.308
50841,144.9,6.90,158,1334,396,5.308
50848,138.9,7.20,158,1334,396,5.308
50855,149.3,6.70,158,1334,396,5.308
50862,138.9,7.20,158,1334,396,5.177
50869,147.1,6.80,158,1334,396,5.177
50875,147.1,6.80,158,1334,396,5.177
50882,142.9,7.00,158,1334,396,5.177
50890,140.8,7.10,158,1334,396,5.243
50896,144.9,6.90,158,1334,396,5.243
50903,151.5,6.60,158,1334,396,5.243
50910,140.8,7.10,158,1334,396,5.243
50917,144.9,6.90,158,1334,396,5.243
50924,144.9,6.90,158,1334,396,5.243
50931,140.8,7.10,158,1334,396,5.243
50938,144.9,6.90,158,1334,396,5.243
50945,142.9,7.00,158,1334,396,5.243
50952,142.9,7.00,158,1334,396,5.243
50959,142.9,7.00,158,1334,396,5.243
50966,147.1,6.80,158,1334,396,5.243
50973,142.9,7.00,158,1334,396,5.308
50980,144.9,6.90,158,1334,396,5.308
50987,142.9,7.00,158,1334,396,5.308
50994,144.9,6.90,158,1334,396,5.308
51001,142.9,7.00,158,1334,396,5.308
51008,138.9,7.20,158,1334,396,5.308
51014,149.3,6.70,158,1334,396,5.308
51021,144.9,6.90,158,1334,396,5.308
51028,142.9,7.00,158,1334,396,5.243
51035,144.9,6.90,158,1334,396,5.243
51042,144.9,6.90,157,1334,396,5.243
51049,144.9,6.90,157,1334,396,5.243
51056,142.9,7.00,157,1334,396,5.308
51063,142.9,7.00,157,1334,396,5.308
51070,144.9,6.90,157,1334,396,5.308
51077,144.9,6.90,157,1334,396,5.308
51084,142.9,7.00,157,1334,396,5.243
51091,142.9,7.00,157,1334,396,5.243
51098,144.9,6.90,157,1334,396,5.243
51105,142.9,7.00,157,1334,396,5.243
51112,147.1,6.80,157,1334,396,5.243
51119,142.9,7.00,157,1334,396,5.243
51126,142.9,7.00,157,1334,396,5.243
51133,142.9,7.00,157,1334,396,5.243
51139,147.1,6.80,157,1334,396,5.177
51146,140.8,7.10,157,1334,396,5.177
51153,144.9,6.90,157,1334,396,5.177
51160,144.9,6.90,157,1334,396,5.177
51167,140.8,7.10,157,1334,396,5.243
51174,147.1,6.80,158,1334,396,5.243
51181,138.9,7.20,158,1334,396,5.243
51188,147.1,6.80,158,1334,396,5.243
51195,142.9,7.00,158,1334,396,5.243
51202,147.1,6.80,158,1334,396,5.243
51209,144.9,6.90,158,1334,396,5.243
51216,144.9,6.90,158,1334,396,5.243
51223,142.9,7.00,158,1334,396,5.243
51230,144.9,6.90,158,1334,396,5.243
51237,142.9,7.00,158,1334,396,5.243
51244,142.9,7.00,158,1334,396,5.243
51251,142.9,7.00,157,1334,396,5.243
51257,147.1,6.80,157,1334,396,5.243
51265,140.8,7.10,157,1334,396,5.243
51271,147.1,6.80,157,1334,396,5.243
51278,142.9,7.00,157,1334,396,5.243
51285,144.9,6.90,157,1334,396,5.243
51292,144.9,6.90,157,1334,396,5.243
51299,140.8,7.10,157,1334,396,5.243
51306,147.1,6.80,157,1334,396,5.243
51313,142.9,7.00,157,1334,396,5.243
51320,147.1,6.80,157,1334,396,5.243
51327,140.8,7.10,157,1334,396,5.243
51334,147.1,6.80,156,1334,396,5.243
51341,144.9,6.90,156,1334,396,5.243
51348,142.9,7.00,156,1334,396,5.243
51355,142.9,7.00,156,1334,396,5.243
51362,142.9,7.00,156,1334,396,5.177
51369,142.9,7.00,156,1334,396,5.177
51376,144.9,6.90,156,1334,396,5.177
51383,135.1,7.40,156,1334,396,5.177
51390,151.5,6.60,156,1334,396,5.243
51396,144.9,6.90,156,1334,396,5.243
51403,147.1,6.80,156,1334,396,5.243
51411,135.1,7.40,156,1334,396,5.243
51417,153.8,6.50,156,1334,396,5.177
51424,140.8,7.10,156,1334,396,5.177
51431,147.1,6.80,156,1334,396,5.177
51438,144.9,6.90,156,1334,396,5.177
51445,140.8,7.10,156,1334,396,5.243
51452,147.1,6.80,156,1334,396,5.243
51459,144.9,6.90,156,1334,396,5.243
51466,142.9,7.00,156,1334,396,5.243
51473,144.9,6.90,156,1334,396,5.112
51480,140.8,7.10,156,1334,396,5.112
51487,137.0,7.30,156,1334,396,5.112
51494,151.5,6.60,156,1334,396,5.112
51500,147.1,6.80,156,1334,396,5.112
51507,144.9,6.90,156,1334,396,5.112
51514,142.9,7.00,156,1334,396,5.112
51521,142.9,7.00,156,1334,396,5.112
51528,147.1,6.80,156,1334,396,5.177
51535,140.8,7.10,156,1334,396,5.177
51542,144.9,6.90,156,1334,396,5.177
51549,142.9,7.00,156,1334,396,5.177
51556,140.8,7.10,156,1334,396,5.177
51563,149.3,6.70,156,1334,396,5.177
51570,140.8,7.10,155,1334,396,5.177
51577,149.3,6.70,155,1334,396,5.177
51584,133.3,7.50,155,1334,396,5.243
51591,151.5,6.60,155,1334,396,5.243
51598,144.9,6.90,155,1334,396,5.243
51605,142.9,7.00,155,1334,396,5.243
51612,142.9,7.00,155,1334,396,5.177
51618,149.3,6.70,155,1334,396,5.177
51626,140.8,7.10,155,1334,396,5.177
51632,144.9,6.90,155,1334,396,5.177
51639,142.9,7.00,154,1334,396,5.177
51646,147.1,6.80,154,1334,396,5.177
51653,142.9,7.00,154,1334,396,5.177
51660,142.9,7.00,154,1334,396,5.177
51667,144.9,6.90,154,1334,396,5.308
51674,142.9,7.00,154,1334,396,5.308
51681,147.1,6.80,153,1334,396,5.308
51688,142.9,7.00,153,1334,396,5.308
51695,142.9,7.00,153,1334,396,5.243
51702,144.9,6.90,153,1334,396,5.243
51709,142.9,7.00,153,1334,396,5.243
51716,140.8,7.10,153,1334,396,5.243
51723,147.1,6.80,153,1334,396,5.243
51730,147.1,6.80,153,1334,396,5.243
51737,140.8,7.10,153,1334,396,5.243
51744,142.9,7.00,152,1334,396,5.243
51751,144.9,6.90,152,1334,396,5.243
51757,147.1,6.80,152,1334,396,5.243
51764,142.9,7.00,152,1334,396,5.243
51771,144.9,6.90,151,1334,396,5.243
51778,140.8,7.10,151,1334,396,5.177
51785,147.1,6.80,151,1334,396,5.177
51792,142.9,7.00,151,1334,396,5.177
51799,144.9,6.90,151,1334,396,5.177
51806,140.8,7.10,151,1334,396,5.243
51814,133.3,7.50,151,1334,396,5.243
51820,158.7,6.30,151,1334,396,5.243
51827,144.9,6.90,151,1334,396,5.243
51834,142.9,7.00,151,1334,396,5.243
51841,140.8,7.10,151,1334,396,5.243
51848,149.3,6.70,151,1334,396,5.243
51855,142.9,7.00,151,1334,396,5.243
51862,144.9,6.90,151,1334,396,5.243
51869,142.9,7.00,151,1334,396,5.243
51876,142.9,7.00,151,1334,396,5.243
51882,144.9,6.90,151,1334,396,5.243
51889,142.9,7.00,151,1334,396,5.243
51896,147.1,6.80,151,1334,396,5.243
51903,140.8,7.10,151,1334,396,5.243
51910,142.9,7.00,151,1334,396,5.243
51917,142.9,7.00,151,1334,396,5.243
51924,147.1,6.80,151,1334,396,5.243
51931,147.1,6.80,151,1334,396,5.243
51938,140.8,7.10,151,1334,396,5.243
51945,144.9,6.90,151,1334,396,5.243
51952,142.9,7.00,151,1334,396,5.243
51959,142.9,7.00,150,1334,396,5.243
51966,149.3,6.70,150,1334,396,5.243
51973,140.8,7.10,150,1334,396,5.243
51980,140.8,7.10,150,1334,396,5.243
51987,144.9,6.90,150,1334,396,5.243
51994,142.9,7.00,150,1334,396,5.243
52001,144.9,6.90,150,1334,396,5.308
52008,144.9,6.90,150,1334,396,5.308
52015,140.8,7.10,150,1334,396,5.308
52021,149.3,6.70,149,1334,396,5.308
52028,142.9,7.00,149,1334,396,5.308
52035,144.9,6.90,149,1334,396,5.308
52042,144.9,6.90,149,1334,396,5.308
52049,144.9,6.90,149,1334,396,5.308
52056,144.9,6.90,149,1334,396,5.243
52063,144.9,6.90,149,1334,396,5.243
52070,142.9,7.00,149,1334,396,5.243
52077,140.8,7.10,149,1334,396,5.243
52084,144.9,6.90,148,1334,396,5.308
52091,144.9,6.90,148,1334,396,5.308
52098,142.9,7.00,148,1334,396,5.308
52105,144.9,6.90,148,1334,396,5.308
52112,142.9,7.00,148,1334,396,5.308
52119,140.8,7.10,148,1334,396,5.308
52125,149.3,6.70,148,1334,396,5.308
52132,144.9,6.90,148,1334,396,5.308
52139,142.9,7.00,148,1334,396,5.243
52146,142.9,7.00,148,1334,396,5.243
52153,147.1,6.80,148,1334,396,5.243
52160,138.9,7.20,148,1334,396,5.243
52167,147.1,6.80,148,1334,396,5.308
52174,144.9,6.90,148,1334,396,5.308
52181,142.9,7.00,148,1334,396,5.308
52188,144.9,6.90,148,1334,396,5.308
52195,142.9,7.00,148,1334,396,5.243
52202,147.1,6.80,148,1334,396,5.243
52209,140.8,7.10,148,1334,396,5.243
52216,140.8,7.10,148,1334,396,5.243
52223,147.1,6.80,148,1334,396,5.308
52230,144.9,6.90,148,1334,396,5.308
52236,147.1,6.80,148,1334,396,5.308
52243,142.9,7.00,148,1334,396,5.308
52251,140.8,7.10,148,1334,396,5.308
52257,147.1,6.80,148,1334,396,5.308
52264,142.9,7.00,148,1334,396,5.308
52271,142.9,7.00,148,1334,396,5.308
52278,142.9,7.00,148,1334,396,5.308
52285,147.1,6.80,148,1334,396,5.308
52292,140.8,7.10,148,1334,396,5.308
52299,142.9,7.00,148,1334,396,5.308
52306,149.3,6.70,148,1334,396,5.308
52313,140.8,7.10,148,1334,396,5.308
52320,144.9,6.90,148,1334,396,5.308
52327,147.1,6.80,148,1334,396,5.308
52334,144.9,6.90,148,1334,396,5.243
52341,140.8,7.10,148,1334,396,5.243
52348,142.9,7.00,148,1334,396,5.243
52355,140.8,7.10,148,1334,396,5.243
52362,147.1,6.80,148,1334,396,5.243
52369,144.9,6.90,148,1334,396,5.243
52376,142.9,7.00,148,1334,396,5.243
52382,147.1,6.80,148,1334,396,5.243
52389,140.8,7.10,148,1334,396,5.243
52396,147.1,6.80,148,1334,396,5.243
52403,144.9,6.90,148,1334,396,5.243
52410,140.8,7.10,148,1334,396,5.243
52418,137.0,7.30,148,1334,396,5.243
52424,149.3,6.70,148,1334,396,5.243
52431,144.9,6.90,148,1334,396,5.243
52438,144.9,6.90,148,1334,396,5.243
52445,147.1,6.80,148,1334,396,5.243
52452,144.9,6.90,148,1334,396,5.243
52459,142.9,7.00,148,1334,396,5.243
52466,140.8,7.10,148,1334,396,5.243
52473,144.9,6.90,148,1334,396,5.243
52480,144.9,6.90,148,1334,396,5.243
52487,142.9,7.00,148,1334,396,5.243
52494,144.9,6.90,148,1334,396,5.243
52501,140.8,7.10,148,1334,396,5.243
52507,147.1,6.80,148,1334,396,5.243
52514,142.9,7.00,148,1334,396,5.243
52521,147.1,6.80,148,1334,396,5.177
52528,140.8,7.10,148,1334,396,5.177
52535,142.9,7.00,148,1334,396,5.177
52542,147.1,6.80,148,1334,396,5.177
52549,140.8,7.10,148,1334,396,5.308
52556,144.9,6.90,148,1334,396,5.308
52563,149.3,6.70,148,1334,396,5.308
52570,142.9,7.00,148,1334,396,5.308
52577,144.9,6.90,148,1334,396,5.243
52584,142.9,7.00,148,1334,396,5.243
52591,138.9,7.20,148,1334,396,5.243
52598,147.1,6.80,148,1334,396,5.243
52605,147.1,6.80,148,1334,396,5.112
52612,142.9,7.00,148,1334,396,5.112
52619,140.8,7.10,148,1334,396,5.112
52626,142.9,7.00,148,1334,396,5.112
52632,151.5,6.60,148,1334,396,5.177
52639,142.9,7.00,148,1334,396,5.177
52646,142.9,7.00,148,1334,396,5.177
52653,147.1,6.80,148,1334,396,5.177
52660,142.9,7.00,148,1334,396,5.177
52667,142.9,7.00,148,1334,396,5.177
52674,144.9,6.90,148,1334,396,5.177
52681,140.8,7.10,148,1334,396,5.177
52688,144.9,6.90,148,1334,396,5.177
52695,142.9,7.00,147,1334,396,5.177
52702,144.9,6.90,147,1334,396,5.177
52709,144.9,6.90,147,1334,396,5.177
52716,142.9,7.00,147,1334,396,5.177
52723,144.9,6.90,147,1334,396,5.177
52730,144.9,6.90,147,1334,396,5.177
52737,142.9,7.00,147,1334,396,5.177
52744,142.9,7.00,147,1334,396,5.177
52750,147.1,6.80,145,1334,396,5.177
52757,144.9,6.90,145,1334,396,5.177
52765,137.0,7.30,145,1334,396,5.177
52771,149.3,6.70,145,1334,396,5.243
52778,147.1,6.80,145,1334,396,5.243
52785,140.8,7.10,145,1334,396,5.243
52793,135.1,7.40,145,1334,396,5.243
52799,153.8,6.50,145,1334,396,5.177
52806,147.1,6.80,145,1334,396,5.177
52813,140.8,7.10,144,1334,396,5.177
52820,144.9,6.90,143,1334,396,5.177
52827,142.9,7.00,143,1334,396,5.177
52834,144.9,6.90,142,1334,396,5.177
52841,142.9,7.00,142,1334,396,5.177
52848,142.9,7.00,142,1334,396,5.177
52855,142.9,7.00,142,1334,396,5.177
52862,149.3,6.70,142,1334,396,5.177
52869,142.9,7.00,142,1334,396,5.177
52876,142.9,7.00,142,1334,396,5.177
52882,144.9,6.90,142,1334,396,5.243
52889,144.9,6.90,142,1334,396,5.243
52896,144.9,6.90,142,1334,396,5.243
52903,142.9,7.00,142,1334,396,5.243
52910,144.9,6.90,142,1334,396,5.243
52917,138.9,7.20,142,1334,396,5.243
52924,149.3,6.70,142,1334,396,5.243
52931,140.8,7.10,141,1334,396,5.243
52938,144.9,6.90,141,1334,396,5.177
52945,144.9,6.90,141,1334,396,5.177
52952,147.1,6.80,141,1334,396,5.177
52959,140.8,7.10,141,1334,396,5.177
52966,144.9,6.90,141,1334,396,5.308
52973,144.9,6.90,140,1334,396,5.308
52980,144.9,6.90,140,1334,396,5.308
52987,142.9,7.00,139,1334,396,5.308
52994,138.9,7.20,138,1334,396,5.243
53000,149.3,6.70,139,1334,396,5.243
53007,144.9,6.90,139,1334,396,5.243
53014,142.9,7.00,139,1334,396,5.243
53021,144.9,6.90,139,1334,396,5.243
53029,135.1,7.40,139,1334,396,5.243
53035,151.5,6.60,139,1334,396,5.243
53042,142.9,7.00,139,1334,396,5.243
53049,149.3,6.70,139,1334,396,5.308
53056,142.9,7.00,139,1334,396,5.308
53063,140.8,7.10,139,1334,396,5.308
53070,144.9,6.90,139,1334,396,5.308
53077,142.9,7.00,139,1334,396,5.308
53084,144.9,6.90,138,1334,396,5.308
53091,144.9,6.90,138,1334,396,5.308
53098,142.9,7.00,138,1334,396,5.308
53105,144.9,6.90,138,1334,396,5.243
53112,144.9,6.90,137,1334,396,5.243
53119,142.9,7.00,137,1334,396,5.243
53125,144.9,6.90,137,1334,396,5.243
53133,140.8,7.10,137,1334,396,5.243
53139,147.1,6.80,137,1334,396,5.243
53146,147.1,6.80,135,1334,396,5.243
53153,140.8,7.10,135,1334,396,5.243
53160,142.9,7.00,135,1334,396,5.243
53167,144.9,6.90,135,1334,396,5.243
53174,140.8,7.10,135,1334,396,5.243
53181,144.9,6.90,135,1334,396,5.243
53188,147.1,6.80,135,1334,396,5.243
53195,144.9,6.90,135,1334,396,5.243
53202,144.9,6.90,135,1334,396,5.243
53209,142.9,7.00,134,1334,396,5.243
53216,142.9,7.00,134,1334,396,5.243
53223,142.9,7.00,134,1334,396,5.243
53230,147.1,6.80,134,1334,396,5.243
53237,142.9,7.00,134,1334,396,5.243
53244,142.9,7.00,134,1334,396,5.243
53250,144.9,6.90,134,1334,396,5.243
53257,142.9,7.00,133,1334,396,5.243
53264,142.9,7.00,133,1334,396,5.243
53271,147.1,6.80,133,1334,396,5.177
53278,142.9,7.00,133,1334,396,5.177
53285,144.9,6.90,133,1334,396,5.177
53292,142.9,7.00,133,1334,396,5.177
53299,144.9,6.90,133,1334,396,5.177
53306,140.8,7.10,132,1334,396,5.177
53313,147.1,6.80,131,1334,396,5.177
53320,144.9,6.90,131,1334,396,5.177
53327,140.8,7.10,131,1334,396,5.243
53334,147.1,6.80,131,1334,396,5.243
53341,144.9,6.90,131,1334,396,5.243
53348,142.9,7.00,131,1334,396,5.243
53355,138.9,7.20,131,1334,396,5.243
53362,147.1,6.80,131,1334,396,5.243
53369,142.9,7.00,131,1334,396,5.243
53375,149.3,6.70,131,1334,396,5.243
53382,140.8,7.10,131,1334,396,5.177
53389,142.9,7.00,130,1334,396,5.177
53397,140.8,7.10,131,1334,396,5.177
53403,151.5,6.60,131,1334,396,5.177
53410,144.9,6.90,131,1334,396,5.112
53417,144.9,6.90,131,1334,396,5.112
53424,142.9,7.00,131,1334,396,5.112
53431,140.8,7.10,131,1334,396,5.112
53438,144.9,6.90,132,1334,396,5.177
53445,140.8,7.10,132,1334,396,5.177
53452,147.1,6.80,132,1334,396,5.177
53459,144.9,6.90,132,1334,396,5.177
53466,142.9,7.00,132,1334,396,5.046
53473,144.9,6.90,132,1334,396,5.046
53480,142.9,7.00,132,1334,396,5.046
53487,133.3,7.50,132,1334,396,5.046
53494,156.2,6.40,132,1334,396,5.112
53500,144.9,6.90,132,1334,396,5.112
53507,142.9,7.00,132,1334,396,5.112
53514,144.9,6.90,132,1334,396,5.112
53521,140.8,7.10,132,1334,396,5.046
53528,149.3,6.70,132,1334,396,5.046
53535,142.9,7.00,132,1334,396,5.046
53542,137.0,7.30,131,1334,396,5.046
53549,149.3,6.70,131,1334,396,5.046
53556,142.9,7.00,130,1334,396,5.046
53563,144.9,6.90,130,1334,396,5.046
53570,144.9,6.90,130,1334,396,5.046
53577,142.9,7.00,129,1334,396,5.046
53584,144.9,6.90,128,1334,396,5.046
53591,147.1,6.80,128,1334,396,5.046
53598,137.0,7.30,128,1334,396,5.046
53605,151.5,6.60,128,1334,396,5.112
53612,142.9,7.00,128,1334,396,5.112
53619,138.9,7.20,128,1334,396,5.112
53625,149.3,6.70,127,1334,396,5.112
53633,140.8,7.10,125,1334,396,4.981
53639,149.3,6.70,125,1334,396,4.981
53646,140.8,7.10,125,1334,396,4.981
53653,147.1,6.80,125,1334,396,4.981
53660,142.9,7.00,125,1334,396,4.915
53667,142.9,7.00,125,1334,396,4.915
53674,147.1,6.80,125,1334,396,4.915
53681,142.9,7.00,125,1334,396,4.915
53688,138.9,7.20,125,1334,396,5.046
53695,147.1,6.80,125,1334,396,5.046
53702,144.9,6.90,125,1334,396,5.046
53709,142.9,7.00,125,1334,396,5.046
53716,147.1,6.80,125,1334,396,4.915
53723,138.9,7.20,125,1334,396,4.915
53730,147.1,6.80,125,1334,396,4.915
53737,144.9,6.90,125,1334,396,4.915
53743,144.9,6.90,126,1334,396,5.112
53750,144.9,6.90,126,1334,396,5.112
53758,138.9,7.20,125,1334,396,5.112
53764,147.1,6.80,125,1334,396,5.112
53771,140.8,7.10,125,1334,396,5.046
53778,149.3,6.70,125,1334,396,5.046
53785,140.8,7.10,125,1334,396,5.046
53792,147.1,6.80,124,1334,396,5.046
53799,138.9,7.20,124,1334,396,5.046
53806,144.9,6.90,124,1334,396,5.046
53813,149.3,6.70,123,1334,396,5.046
53820,137.0,7.30,123,1334,396,5.046
53827,149.3,6.70,124,1334,396,4.981
53834,142.9,7.00,124,1334,396,4.981
53841,138.9,7.20,124,1334,396,4.981
53848,149.3,6.70,124,1334,396,4.981
53855,140.8,7.10,124,1334,396,4.981
53862,144.9,6.90,123,1334,396,4.981
53869,142.9,7.00,123,1334,396,4.981
53876,144.9,6.90,123,1334,396,4.981
53882,147.1,6.80,123,1334,396,4.981
53889,144.9,6.90,123,1334,396,4.981
53896,142.9,7.00,123,1334,396,4.981
53903,144.9,6.90,123,1334,396,4.981
53910,144.9,6.90,123,1334,396,4.915
53917,144.9,6.90,123,1334,396,4.915
53924,135.1,7.40,123,1334,396,4.915
53931,149.3,6.70,123,1334,396,4.915
53938,147.1,6.80,123,1334,396,4.915
53945,142.9,7.00,123,1334,396,4.915
53952,144.9,6.90,123,1334,396,4.915
53959,144.9,6.90,123,1334,396,4.915
53966,138.9,7.20,123,1334,396,4.850
53973,149.3,6.70,123,1334,396,4.850
53980,138.9,7.20,123,1334,396,4.850
53987,140.8,7.10,123,1334,396,4.850
53994,149.3,6.70,123,1334,396,4.850
54000,149.3,6.70,123,1334,396,4.850
54007,140.8,7.10,123,1334,396,4.850
54014,144.9,6.90,123,1334,396,4.850
54021,142.9,7.00,123,1334,396,4.784
54028,144.9,6.90,123,1334,396,4.784
54035,147.1,6.80,123,1334,396,4.784
54042,137.0,7.30,123,1334,396,4.784
54049,151.5,6.60,123,1334,396,4.784
54056,140.8,7.10,123,1334,396,4.784
54063,144.9,6.90,123,1334,396,4.784
54070,144.9,6.90,123,1334,396,4.784
54077,138.9,7.20,123,1334,396,4.784
54084,149.3,6.70,123,1334,396,4.784
54091,138.9,7.20,123,1334,396,4.784
54098,147.1,6.80,123,1334,396,4.784
54105,138.9,7.20,123,1334,396,4.719
54112,151.5,6.60,123,1334,396,4.719
54119,138.9,7.20,123,1334,396,4.719
54126,147.1,6.80,123,1334,396,4.719
54133,142.9,7.00,123,1334,396,4.784
54139,144.9,6.90,123,1334,396,4.784
54146,144.9,6.90,123,1334,396,4.784
54153,142.9,7.00,123,1334,396,4.784
54160,140.8,7.10,122,1334,396,4.719
54167,151.5,6.60,122,1334,396,4.719
54174,138.9,7.20,122,1334,396,4.719
54181,144.9,6.90,122,1334,396,4.719
54188,144.9,6.90,122,1334,396,4.719
54195,144.9,6.90,122,1334,396,4.719
54202,140.8,7.10,122,1334,396,4.719
54209,144.9,6.90,122,1334,396,4.719
54216,142.9,7.00,122,1334,396,4.719
54223,147.1,6.80,122,1334,396,4.719
54230,140.8,7.10,122,1334,396,4.719
54237,144.9,6.90,122,1334,396,4.719
54244,140.8,7.10,122,1334,396,4.653
54251,147.1,6.80,121,1334,396,4.653
54257,147.1,6.80,121,1334,396,4.653
54265,140.8,7.10,121,1334,396,4.653
54271,147.1,6.80,121,1334,396,4.653
54278,142.9,7.00,121,1334,396,4.653
54285,142.9,7.00,121,1334,396,4.653
54292,147.1,6.80,120,1334,396,4.653
54299,138.9,7.20,120,1334,396,4.653
54306,144.9,6.90,120,1334,396,4.653
54313,147.1,6.80,120,1334,396,4.653
54320,142.9,7.00,120,1334,396,4.653
54327,144.9,6.90,120,1334,396,4.653
54334,147.1,6.80,120,1334,396,4.653
54341,138.9,7.20,120,1334,396,4.653
54348,144.9,6.90,120,1334,396,4.588
54355,147.1,6.80,120,1334,396,4.588
54362,140.8,7.10,120,1334,396,4.588
54368,149.3,6.70,120,1334,396,4.588
54376,138.9,7.20,120,1334,396,4.653
54382,147.1,6.80,120,1334,396,4.653
54390,138.9,7.20,120,1334,396,4.653
54396,149.3,6.70,120,1334,396,4.588
54404,138.9,7.20,119,1334,396,4.588
54410,151.5,6.60,119,1334,396,4.588
54417,138.9,7.20,119,1334,396,4.588
54424,144.9,6.90,119,1334,396,4.522
54431,147.1,6.80,119,1334,396,4.522
54438,140.8,7.10,119,1334,396,4.522
54445,147.1,6.80,119,1334,396,4.522
54452,140.8,7.10,119,1334,396,4.522
54459,144.9,6.90,119,1334,396,4.522
54466,142.9,7.00,119,1334,396,4.522
54473,144.9,6.90,120,1334,396,4.522
54480,144.9,6.90,120,1334,396,4.588
54487,137.0,7.30,120,1334,396,4.588
54494,151.5,6.60,119,1334,396,4.588
54501,142.9,7.00,119,1334,396,4.588
54508,144.9,6.90,119,1334,396,4.522
54515,142.9,7.00,119,1334,396,4.522
54521,147.1,6.80,119,1334,396,4.522
54528,140.8,7.10,119,1334,396,4.522
54535,144.9,6.90,119,1334,396,4.522
54542,144.9,6.90,119,1334,396,4.522
54549,142.9,7.00,119,1334,396,4.522
54556,144.9,6.90,119,1334,396,4.522
54563,140.8,7.10,119,1334,396,4.522
54571,131.6,7.60,119,1334,396,4.522
54577,166.7,6.00,119,1334,396,4.522
54584,138.9,7.20,119,1334,396,4.522
54591,147.1,6.80,119,1334,396,4.522
54598,140.8,7.10,119,1334,396,4.522
54605,144.9,6.90,119,1334,396,4.522
54612,147.1,6.80,119,1334,396,4.522
54619,138.9,7.20,119,1334,396,4.522
54625,151.5,6.60,119,1334,396,4.522
54633,140.8,7.10,119,1334,396,4.522
54640,140.8,7.10,118,1334,396,4.522
54647,144.9,6.90,118,1334,396,4.522
54653,144.9,6.90,118,1334,396,4.522
54660,147.1,6.80,118,1334,396,4.522
54667,142.9,7.00,118,1334,396,4.522
54674,144.9,6.90,118,1334,396,4.456
54681,142.9,7.00,118,1334,396,4.456
54688,142.9,7.00,118,1334,396,4.456
54695,147.1,6.80,118,1334,396,4.456
54702,140.8,7.10,118,1334,396,4.456
54709,147.1,6.80,118,1334,396,4.456
54716,140.8,7.10,118,1334,396,4.456
54723,147.1,6.80,118,1334,396,4.456
54730,142.9,7.00,118,1334,396,4.522
54737,147.1,6.80,118,1334,396,4.522
54744,142.9,7.00,118,1334,396,4.522
54750,144.9,6.90,118,1334,396,4.522
54758,140.8,7.10,118,1334,396,4.456
54764,149.3,6.70,117,1334,396,4.456
54772,129.9,7.70,117,1334,396,4.456
54778,161.3,6.20,117,1334,396,4.456
54785,140.8,7.10,117,1334,396,4.456
54792,140.8,7.10,117,1334,396,4.456
54799,149.3,6.70,117,1334,396,4.456
54806,142.9,7.00,118,1334,396,4.456
54813,138.9,7.20,117,1334,396,4.456
54820,147.1,6.80,117,1334,396,4.456
54827,144.9,6.90,117,1334,396,4.456
54834,140.8,7.10,115,1334,396,4.456
54841,142.9,7.00,116,1334,396,4.391
54848,147.1,6.80,116,1334,396,4.391
54855,144.9,6.90,116,1334,396,4.391
54862,142.9,7.00,116,1334,396,4.391
54869,142.9,7.00,116,1334,396,4.456
54876,140.8,7.10,116,1334,396,4.456
54882,151.5,6.60,116,1334,396,4.456
54889,142.9,7.00,116,1334,396,4.456
54897,140.8,7.10,116,1334,396,4.391
54903,147.1,6.80,115,1334,396,4.391
54911,138.9,7.20,116,1334,396,4.391
54917,151.5,6.60,116,1334,396,4.391
54924,140.8,7.10,116,1334,396,4.391
54931,142.9,7.00,116,1334,396,4.391
54938,144.9,6.90,116,1334,396,4.391
54945,144.9,6.90,116,1334,396,4.522
54952,142.9,7.00,116,1334,396,4.522
54959,144.9,6.90,115,1334,396,4.522
54966,142.9,7.00,115,1334,396,4.522
54973,144.9,6.90,115,1334,396,4.522
54980,144.9,6.90,115,1334,396,4.522
54987,144.9,6.90,115,1334,396,4.522
54994,140.8,7.10,114,1334,396,4.522
55001,144.9,6.90,114,1334,396,4.522
55008,142.9,7.00,114,1334,396,4.522
55014,147.1,6.80,114,1334,396,4.522
55022,137.0,7.30,114,1334,396,4.522
55028,149.3,6.70,114,1334,396,4.522
55035,144.9,6.90,113,1334,396,4.522
55042,142.9,7.00,113,1334,396,4.522
55049,144.9,6.90,113,1334,396,4.522
55057,137.0,7.30,113,1334,396,4.456
55063,156.2,6.40,113,1334,396,4.456
55070,138.9,7.20,113,1334,396,4.456
55077,151.5,6.60,113,1334,396,4.456
55084,137.0,7.30,113,1334,396,4.456
55091,147.1,6.80,113,1334,396,4.456
55098,142.9,7.00,113,1334,396,4.456
55105,144.9,6.90,113,1334,396,4.456
55112,142.9,7.00,113,1334,396,4.391
55119,144.9,6.90,113,1334,396,4.391
55126,140.8,7.10,113,1334,396,4.391
55132,149.3,6.70,113,1334,396,4.391
55140,140.8,7.10,113,1334,396,4.391
55146,144.9,6.90,113,1334,396,4.391
55153,142.9,7.00,113,1334,396,4.391
55160,147.1,6.80,113,1334,396,4.391
55167,140.8,7.10,113,1334,396,4.456
55174,142.9,7.00,113,1334,396,4.456
55181,144.9,6.90,113,1334,396,4.456
55188,144.9,6.90,113,1334,396,4.456
55195,140.8,7.10,113,1334,396,4.391
55203,128.2,7.80,113,1334,396,4.391
55209,158.7,6.30,112,1334,396,4.391
55216,149.3,6.70,112,1334,396,4.391
55223,142.9,7.00,112,1334,396,4.391
55230,142.9,7.00,112,1334,396,4.391
55237,147.1,6.80,112,1334,396,4.391
55244,135.1,7.40,111,1334,396,4.391
55251,151.5,6.60,111,1334,396,4.391
55258,133.3,7.50,111,1334,396,4.391
55265,156.2,6.40,111,1334,396,4.391
55271,149.3,6.70,111,1334,396,4.391
55279,140.8,7.10,110,1334,396,4.456
55285,147.1,6.80,110,1334,396,4.456
55292,142.9,7.00,110,1334,396,4.456
55299,142.9,7.00,110,1334,396,4.456
55306,147.1,6.80,110,1334,396,4.391
55313,142.9,7.00,110,1334,396,4.391
55320,147.1,6.80,110,1334,396,4.391
55327,142.9,7.00,109,1334,396,4.391
55334,140.8,7.10,109,1334,396,4.456
55341,147.1,6.80,109,1334,396,4.456
55348,140.8,7.10,109,1334,396,4.456
55355,147.1,6.80,109,1334,396,4.456
55362,140.8,7.10,109,1334,396,4.456
55369,149.3,6.70,109,1334,396,4.456
55376,140.8,7.10,109,1334,396,4.456
55382,147.1,6.80,109,1334,396,4.456
55390,140.8,7.10,108,1334,396,4.391
55396,144.9,6.90,108,1334,396,4.391
55403,142.9,7.00,108,1334,396,4.391
55410,147.1,6.80,108,1334,396,4.391
55417,138.9,7.20,108,1334,396,4.391
55424,151.5,6.60,108,1334,396,4.391
55431,137.0,7.30,108,1334,396,4.391
55438,149.3,6.70,108,1334,396,4.391
55445,140.8,7.10,108,1334,396,4.456
55452,147.1,6.80,108,1334,396,4.456
55459,137.0,7.30,108,1334,396,4.456
55466,151.5,6.60,108,1334,396,4.456
55473,138.9,7.20,106,1334,396,4.456
55480,151.5,6.60,106,1334,396,4.456
55487,137.0,7.30,106,1334,396,4.456
55494,151.5,6.60,106,1334,396,4.456
55501,142.9,7.00,106,1334,396,4.391
55508,142.9,7.00,105,1334,396,4.391
55514,144.9,6.90,105,1334,396,4.391
55522,138.9,7.20,105,1334,396,4.391
55528,147.1,6.80,105,1334,396,4.456
55535,144.9,6.90,105,1334,396,4.456
55542,144.9,6.90,105,1334,396,4.456
55549,142.9,7.00,105,1334,396,4.456
55556,142.9,7.00,105,1334,396,4.391
55563,147.1,6.80,105,1334,396,4.391
55570,144.9,6.90,104,1334,396,4.391
55577,144.9,6.90,104,1334,396,4.391
55584,138.9,7.20,103,1334,396,4.391
55591,144.9,6.90,102,1334,396,4.391
55598,147.1,6.80,102,1334,396,4.391
55605,142.9,7.00,102,1334,396,4.391
55612,140.8,7.10,102,1334,396,4.456
55619,149.3,6.70,102,1334,396,4.456
55626,140.8,7.10,102,1334,396,4.456
55633,144.9,6.90,102,1334,396,4.456
55640,140.8,7.10,102,1334,396,4.456
55646,151.5,6.60,102,1334,396,4.456
55653,140.8,7.10,102,1334,396,4.456
55660,144.9,6.90,102,1334,396,4.456
55667,140.8,7.10,102,1334,396,4.391
55674,149.3,6.70,102,1334,396,4.391
55681,137.0,7.30,102,1334,396,4.391
55688,151.5,6.60,102,1334,396,4.391
55695,140.8,7.10,102,1334,396,4.456
55702,149.3,6.70,102,1334,396,4.456
55709,140.8,7.10,102,1334,396,4.456
55716,144.9,6.90,102,1334,396,4.456
55723,140.8,7.10,101,1334,396,4.456
55730,144.9,6.90,100,1334,396,4.456
55737,144.9,6.90,100,1334,396,4.456
55744,144.9,6.90,99,1334,396,4.456
55751,142.9,7.00,99,1334,396,4.456
55758,142.9,7.00,98,1334,396,4.456
55765,142.9,7.00,97,1334,396,4.456
55771,144.9,6.90,96,1334,396,4.456
55778,142.9,7.00,96,1334,396,4.391
55785,147.1,6.80,96,1334,396,4.391
55792,142.9,7.00,96,1334,396,4.391
55799,142.9,7.00,96,1334,396,4.391
55806,142.9,7.00,97,1334,396,4.391
55813,149.3,6.70,97,1334,396,4.391
55820,142.9,7.00,97,1334,396,4.391
55827,140.8,7.10,96,1334,396,4.391
55834,147.1,6.80,96,1334,396,4.325
55841,140.8,7.10,96,1334,396,4.325
55848,144.9,6.90,96,1334,396,4.325
55855,144.9,6.90,96,1334,396,4.391
55862,144.9,6.90,96,1334,396,4.391
55869,135.1,7.40,96,1334,396,4.391
55876,149.3,6.70,96,1334,396,4.391
55883,133.3,7.50,96,1334,396,4.391
55889,166.7,6.00,95,1334,396,4.391
55896,138.9,7.20,95,1334,396,4.391
55903,142.9,7.00,95,1334,396,4.391
55910,147.1,6.80,95,1334,396,4.325
55918,135.1,7.40,95,1334,396,4.325
55924,153.8,6.50,95,1334,396,4.325
55931,144.9,6.90,95,1334,396,4.325
55938,142.9,7.00,95,1334,396,4.391
55945,142.9,7.00,95,1334,396,4.391
55952,144.9,6.90,95,1334,396,4.391
55959,144.9,6.90,95,1334,396,4.391
55966,138.9,7.20,95,1334,396,4.391
55973,147.1,6.80,96,1334,396,4.391
55980,144.9,6.90,96,1334,396,4.391
55987,147.1,6.80,96,1334,396,4.391
56034,21.1,47.50,95,1334,396,4.325
56052,54.9,18.20,95,1334,396,4.325
56057,212.8,4.70,95,1334,396,4.325
56063,169.5,5.90,95,1334,396,4.325
56070,142.9,7.00,94,1334,396,3.867
56077,137.0,7.30,94,1334,396,3.867
56084,149.3,6.70,94,1334,396,3.867
56091,138.9,7.20,94,1334,396,3.867
56098,149.3,6.70,94,1334,396,4.325
56105,142.9,7.00,94,1334,396,4.325
56112,142.9,7.00,94,1334,396,4.325
56119,147.1,6.80,94,1334,396,4.325
56126,138.9,7.20,94,1334,396,4.325
56133,140.8,7.10,95,1334,396,4.325
56139,151.5,6.60,95,1334,396,4.325
56146,142.9,7.00,95,1334,396,4.325
56153,144.9,6.90,95,1334,396,4.325
56160,144.9,6.90,95,1334,396,4.325
56167,142.9,7.00,95,1334,396,4.325
56174,142.9,7.00,95,1334,396,4.325
56181,138.9,7.20,95,1334,396,4.325
56188,156.2,6.40,95,1334,396,4.325
56195,135.1,7.40,95,1334,396,4.325
56202,149.3,6.70,95,1334,396,4.325
56209,140.8,7.10,95,1334,396,4.325
56216,149.3,6.70,95,1334,396,4.325
56223,140.8,7.10,95,1334,396,4.325
56230,144.9,6.90,95,1334,396,4.325
56237,142.9,7.00,95,1334,396,4.391
56244,142.9,7.00,95,1334,396,4.391
56251,144.9,6.90,96,1334,396,4.391
56258,142.9,7.00,96,1334,396,4.391
56264,147.1,6.80,96,1334,396,4.391
56272,140.8,7.10,96,1334,396,4.391
56279,142.9,7.00,96,1334,396,4.391
56285,149.3,6.70,96,1334,396,4.391
56292,142.9,7.00,96,1334,396,4.391
56299,142.9,7.00,96,1334,396,4.391
56306,149.3,6.70,94,1334,396,4.391
56313,137.0,7.30,94,1334,396,4.391
56320,144.9,6.90,94,1334,396,4.391
56327,147.1,6.80,94,1334,396,4.391
56334,140.8,7.10,94,1334,396,4.391
56341,144.9,6.90,94,1334,396,4.391
56348,142.9,7.00,94,1334,396,4.325
56355,144.9,6.90,94,1334,396,4.325
56362,142.9,7.00,94,1334,396,4.325
56369,142.9,7.00,94,1334,396,4.325
56376,147.1,6.80,94,1334,396,4.325
56383,142.9,7.00,94,1334,396,4.325
56390,144.9,6.90,94,1334,396,4.325
56396,147.1,6.80,94,1334,396,4.325
56403,140.8,7.10,94,1334,396,4.391
56410,144.9,6.90,94,1334,396,4.391
56417,144.9,6.90,94,1334,396,4.391
56424,142.9,7.00,94,1334,396,4.391
56431,140.8,7.10,94,1334,396,4.391
56438,149.3,6.70,94,1334,396,4.391
56445,142.9,7.00,94,1334,396,4.391
56452,142.9,7.00,94,1334,396,4.391
56459,142.9,7.00,94,1334,396,4.391
56466,147.1,6.80,94,1334,396,4.391
56473,142.9,7.00,94,1334,396,4.391
56480,144.9,6.90,94,1334,396,4.391
56487,142.9,7.00,93,1334,396,4.325
56494,142.9,7.00,93,1334,396,4.325
56501,142.9,7.00,95,1334,396,4.325
56508,147.1,6.80,95,1334,396,4.325
56515,142.9,7.00,95,1334,396,4.325
56522,140.8,7.10,95,1334,396,4.325
56528,147.1,6.80,95,1334,396,4.325
56535,147.1,6.80,95,1334,396,4.325
56542,144.9,6.90,95,1334,396,4.325
56549,142.9,7.00,95,1334,396,4.325
56556,142.9,7.00,95,1334,396,4.325
56563,142.9,7.00,95,1334,396,4.325
56570,144.9,6.90,95,1334,396,4.325
56577,144.9,6.90,95,1334,396,4.325
56584,142.9,7.00,95,1334,396,4.325
56591,140.8,7.10,95,1334,396,4.325
56598,147.1,6.80,95,1334,396,4.325
56605,144.9,6.90,95,1334,396,4.325
56612,140.8,7.10,95,1334,396,4.325
56619,142.9,7.00,95,1334,396,4.325
56626,144.9,6.90,95,1334,396,4.325
56632,149.3,6.70,95,1334,396,4.325
56639,142.9,7.00,95,1334,396,4.325
56646,144.9,6.90,95,1334,396,4.325
56653,144.9,6.90,95,1334,396,4.391
56660,140.8,7.10,95,1334,396,4.391
56667,144.9,6.90,95,1334,396,4.391
56674,140.8,7.10,95,1334,396,4.391
56681,140.8,7.10,95,1334,396,4.325
56688,147.1,6.80,95,1334,396,4.325
56695,151.5,6.60,95,1334,396,4.325
56702,138.9,7.20,95,1334,396,4.325
56709,144.9,6.90,95,1334,396,4.325
56716,142.9,7.00,95,1334,396,4.325
56723,147.1,6.80,95,1334,396,4.325
56730,138.9,7.20,95,1334,396,4.325
56737,147.1,6.80,95,1334,396,4.325
56744,138.9,7.20,95,1334,396,4.325
56750,158.7,6.30,95,1334,396,4.325
56758,137.0,7.30,95,1334,396,4.325
56765,142.9,7.00,95,1334,396,4.391
56771,144.9,6.90,95,1334,396,4.391
56778,144.9,6.90,95,1334,396,4.391
56785,142.9,7.00,95,1334,396,4.391
56792,144.9,6.90,95,1334,396,4.325
56799,140.8,7.10,95,1334,396,4.325
56806,142.9,7.00,95,1334,396,4.325
56813,144.9,6.90,95,1334,396,4.325
56820,144.9,6.90,95,1334,396,4.325
56827,144.9,6.90,95,1334,396,4.325
56834,149.3,6.70,96,1334,396,4.325
56841,140.8,7.10,96,1334,396,4.325
56848,142.9,7.00,96,1334,396,4.325
56868,49.5,20.20,94,1334,396,4.325
56875,138.9,7.20,94,1334,396,4.325
56883,135.1,7.40,94,1334,396,4.325
56890,137.0,7.30,94,1334,396,4.456
56896,158.7,6.30,94,1334,396,4.456
56903,142.9,7.00,94,1334,396,4.456
56910,140.8,7.10,94,1334,396,4.456
56917,149.3,6.70,94,1334,396,4.260
56924,142.9,7.00,95,1334,396,4.260
56931,142.9,7.00,95,1334,396,4.260
56938,144.9,6.90,94,1334,396,4.260
56946,131.6,7.60,94,1334,396,4.325
56952,163.9,6.10,94,1334,396,4.325
56959,140.8,7.10,94,1334,396,4.325
56966,138.9,7.20,94,1334,396,4.325
56973,147.1,6.80,94,1334,396,4.260
56980,142.9,7.00,94,1334,396,4.260
56987,144.9,6.90,93,1334,396,4.260
56994,140.8,7.10,93,1334,396,4.260
57001,144.9,6.90,93,1334,396,4.325
57008,140.8,7.10,93,1334,396,4.325
57014,149.3,6.70,93,1334,396,4.325
57021,142.9,7.00,93,1334,396,4.325
57028,142.9,7.00,93,1334,396,4.260
57035,142.9,7.00,93,1334,396,4.260
57042,149.3,6.70,93,1334,396,4.260
57049,137.0,7.30,93,1334,396,4.260
57056,151.5,6.60,93,1334,396,4.260
57063,142.9,7.00,94,1334,396,4.260
57070,142.9,7.00,94,1334,396,4.260
57077,144.9,6.90,94,1334,396,4.260
57084,137.0,7.30,94,1334,396,4.260
57091,153.8,6.50,94,1334,396,4.260
57098,138.9,7.20,94,1334,396,4.260
57105,149.3,6.70,94,1334,396,4.260
57112,140.8,7.10,94,1334,396,4.325
57119,144.9,6.90,93,1334,396,4.325
57125,147.1,6.80,93,1334,396,4.325
57133,138.9,7.20,93,1334,396,4.325
57139,149.3,6.70,93,1334,396,4.194
57147,138.9,7.20,95,1334,396,4.194
57153,147.1,6.80,95,1334,396,4.194
57160,144.9,6.90,95,1334,396,4.194
57167,142.9,7.00,95,1334,396,4.260
57174,140.8,7.10,95,1334,396,4.260
57181,147.1,6.80,95,1334,396,4.260
57188,142.9,7.00,95,1334,396,4.260
57195,144.9,6.90,95,1334,396,4.260
57202,142.9,7.00,95,1334,396,4.260
57209,147.1,6.80,95,1334,396,4.260
57216,140.8,7.10,95,1334,396,4.260
57223,144.9,6.90,95,1334,396,4.325
57230,142.9,7.00,94,1334,396,4.325
57237,147.1,6.80,95,1334,396,4.325
57244,140.8,7.10,95,1334,396,4.325
57251,147.1,6.80,95,1334,396,4.260
57258,140.8,7.10,95,1334,396,4.260
57265,144.9,6.90,95,1334,396,4.260
57272,142.9,7.00,95,1334,396,4.260
57279,142.9,7.00,95,1334,396,4.260
57285,144.9,6.90,95,1334,396,4.260
57292,147.1,6.80,95,1334,396,4.260
57299,140.8,7.10,95,1334,396,4.260
57306,149.3,6.70,96,1334,396,4.325
57313,140.8,7.10,96,1334,396,4.325
57320,144.9,6.90,96,1334,396,4.325
57327,144.9,6.90,97,1334,396,4.325
57334,138.9,7.20,97,1334,396,4.194
57341,149.3,6.70,97,1334,396,4.194
57348,144.9,6.90,97,1334,396,4.194
57355,138.9,7.20,97,1334,396,4.194
57362,147.1,6.80,97,1334,396,4.260
57369,147.1,6.80,97,1334,396,4.260
57375,144.9,6.90,97,1334,396,4.260
57383,140.8,7.10,97,1334,396,4.260
57389,147.1,6.80,97,1334,396,4.325
57396,140.8,7.10,97,1334,396,4.325
57403,147.1,6.80,97,1334,396,4.325
57410,140.8,7.10,97,1334,396,4.325
57417,144.9,6.90,96,1334,396,4.260
57424,142.9,7.00,96,1334,396,4.260
57431,140.8,7.10,95,1334,396,4.260
57438,151.5,6.60,95,1334,396,4.260
57445,140.8,7.10,96,1334,396,4.260
57452,144.9,6.90,96,1334,396,4.260
57459,142.9,7.00,95,1334,396,4.260
57466,142.9,7.00,96,1334,396,4.260
57473,147.1,6.80,96,1334,396,4.260
57480,140.8,7.10,96,1334,396,4.260
57487,147.1,6.80,96,1334,396,4.260
57494,142.9,7.00,96,1334,396,4.260
57501,140.8,7.10,96,1334,396,4.260
57508,147.1,6.80,96,1334,396,4.260
57515,142.9,7.00,96,1334,396,4.260
57521,144.9,6.90,96,1334,396,4.194
57528,144.9,6.90,96,1334,396,4.194
57535,142.9,7.00,96,1334,396,4.194
57542,142.9,7.00,96,1334,396,4.194
57549,147.1,6.80,96,1334,396,4.260
57556,142.9,7.00,96,1334,396,4.260
57563,144.9,6.90,96,1334,396,4.260
57570,140.8,7.10,96,1334,396,4.260
57577,144.9,6.90,96,1334,396,4.194
57584,142.9,7.00,96,1334,396,4.194
57591,144.9,6.90,96,1334,396,4.194
57598,147.1,6.80,97,1334,396,4.194
57605,140.8,7.10,98,1334,396,4.194
57612,144.9,6.90,98,1334,396,4.194
57619,135.1,7.40,98,1334,396,4.194
57625,158.7,6.30,98,1334,396,4.194
57633,140.8,7.10,98,1334,396,4.260
57639,144.9,6.90,98,1334,396,4.260
57647,140.8,7.10,98,1334,396,4.260
57654,140.8,7.10,98,1334,396,4.260
57660,151.5,6.60,98,1334,396,4.194
57667,142.9,7.00,98,1334,396,4.194
57674,142.9,7.00,98,1334,396,4.194
57681,144.9,6.90,98,1334,396,4.194
57688,142.9,7.00,98,1334,396,4.260
57695,144.9,6.90,98,1334,396,4.260
57702,142.9,7.00,97,1334,396,4.260
57709,142.9,7.00,97,1334,396,4.260
57716,147.1,6.80,97,1334,396,4.194
57723,142.9,7.00,97,1334,396,4.194
57730,142.9,7.00,97,1334,396,4.194
57737,147.1,6.80,97,1334,396,4.194
57744,142.9,7.00,97,1334,396,4.194
57751,144.9,6.90,97,1334,396,4.194
57758,142.9,7.00,97,1334,396,4.194
57765,142.9,7.00,97,1334,396,4.194
57772,142.9,7.00,97,1334,396,4.194
57778,144.9,6.90,97,1334,396,4.194
57785,144.9,6.90,97,1334,396,4.194
57792,142.9,7.00,97,1334,396,4.194
57799,147.1,6.80,97,1334,396,4.260
57806,144.9,6.90,97,1334,396,4.260
57813,144.9,6.90,97,1334,396,4.260
57820,140.8,7.10,97,1334,396,4.260
57827,144.9,6.90,97,1334,396,4.194
57834,140.8,7.10,97,1334,396,4.194
57841,142.9,7.00,97,1334,396,4.194
57848,149.3,6.70,97,1334,396,4.194
57855,142.9,7.00,97,1334,396,4.260
57862,147.1,6.80,97,1334,396,4.260
57869,142.9,7.00,97,1334,396,4.260
57876,142.9,7.00,97,1334,396,4.260
57883,142.9,7.00,97,1334,396,4.260
57889,147.1,6.80,97,1334,396,4.260
57897,138.9,7.20,97,1334,396,4.260
57904,142.9,7.00,97,1334,396,4.260
57910,149.3,6.70,97,1334,396,4.194
57917,144.9,6.90,97,1334,396,4.194
57924,140.8,7.10,97,1334,396,4.194
57931,147.1,6.80,97,1334,396,4.194
57938,144.9,6.90,97,1334,396,4.260
57945,142.9,7.00,97,1334,396,4.260
57952,142.9,7.00,96,1334,396,4.260
57959,142.9,7.00,96,1334,396,4.260
57966,144.9,6.90,96,1334,396,4.260
57973,142.9,7.00,96,1334,396,4.260
57980,140.8,7.10,96,1334,396,4.260
57987,144.9,6.90,96,1334,396,4.260
57994,149.3,6.70,96,1334,396,4.194
58000,144.9,6.90,96,1334,396,4.194
58007,144.9,6.90,96,1334,396,4.194
58015,138.9,7.20,96,1334,396,4.194
58021,144.9,6.90,96,1334,396,4.194
58028,147.1,6.80,96,1334,396,4.194
58035,138.9,7.20,96,1334,396,4.194
58042,149.3,6.70,96,1334,396,4.194
58049,138.9,7.20,96,1334,396,4.260
58056,153.8,6.50,96,1334,396,4.260
58063,138.9,7.20,96,1334,396,4.260
58070,149.3,6.70,96,1334,396,4.260
58077,138.9,7.20,96,1334,396,4.260
58084,142.9,7.00,96,1334,396,4.260
58091,144.9,6.90,96,1334,396,4.260
58098,142.9,7.00,96,1334,396,4.260
58105,144.9,6.90,96,1334,396,4.129
58112,147.1,6.80,96,1334,396,4.129
58119,140.8,7.10,96,1334,396,4.129
58126,144.9,6.90,96,1334,396,4.129
58133,142.9,7.00,96,1334,396,4.260
58140,140.8,7.10,96,1334,396,4.260
58146,151.5,6.60,96,1334,396,4.260
58153,140.8,7.10,96,1334,396,4.260
58160,144.9,6.90,96,1334,396,4.194
58167,144.9,6.90,96,1334,396,4.194
58174,142.9,7.00,96,1334,396,4.194
58181,144.9,6.90,96,1334,396,4.194
58188,138.9,7.20,96,1334,396,4.260
58195,144.9,6.90,96,1334,396,4.260
58202,144.9,6.90,96,1334,396,4.260
58209,144.9,6.90,96,1334,396,4.260
58216,144.9,6.90,96,1334,396,4.194
58223,142.9,7.00,96,1334,396,4.194
58230,142.9,7.00,96,1334,396,4.194
58237,144.9,6.90,96,1334,396,4.194
58244,144.9,6.90,96,1334,396,4.129
58251,142.9,7.00,96,1334,396,4.129
58258,144.9,6.90,95,1334,396,4.129
58265,142.9,7.00,95,1334,396,4.129
58271,144.9,6.90,95,1334,396,4.129
58278,144.9,6.90,95,1334,396,4.129
58285,140.8,7.10,95,1334,396,4.129
58292,149.3,6.70,95,1334,396,4.129
58299,140.8,7.10,95,1334,396,4.194
58306,142.9,7.00,95,1334,396,4.194
58313,142.9,7.00,95,1334,396,4.194
58320,149.3,6.70,95,1334,396,4.194
58327,144.9,6.90,95,1334,396,4.129
58334,140.8,7.10,95,1334,396,4.129
58341,140.8,7.10,95,1334,396,4.129
58348,149.3,6.70,95,1334,396,4.129
58355,144.9,6.90,95,1334,396,4.194
58362,142.9,7.00,95,1334,396,4.194
58369,142.9,7.00,95,1334,396,4.194
58376,142.9,7.00,95,1334,396,4.194
58382,147.1,6.80,95,1334,396,4.194
58390,140.8,7.10,95,1334,396,4.194
58397,142.9,7.00,95,1334,396,4.194
58403,147.1,6.80,95,1334,396,4.194
58410,144.9,6.90,95,1334,396,4.194
58417,142.9,7.00,95,1334,396,4.194
58424,140.8,7.10,95,1334,396,4.194
58431,149.3,6.70,95,1334,396,4.194
58438,142.9,7.00,95,1334,396,4.194
58445,142.9,7.00,95,1334,396,4.194
58452,142.9,7.00,95,1334,396,4.194
58459,140.8,7.10,95,1334,396,4.194
58466,149.3,6.70,95,1334,396,4.194
58473,142.9,7.00,95,1334,396,4.194
58480,142.9,7.00,95,1334,396,4.194
58487,147.1,6.80,95,1334,396,4.194
58494,142.9,7.00,95,1334,396,4.194
58501,142.9,7.00,95,1334,396,4.194
58508,142.9,7.00,95,1334,396,4.194
58514,149.3,6.70,95,1334,396,4.194
58522,138.9,7.20,95,1334,396,4.194
58528,147.1,6.80,95,1334,396,4.194
58535,140.8,7.10,95,1334,396,4.194
58542,144.9,6.90,95,1334,396,4.194
58549,147.1,6.80,95,1334,396,4.194
58556,142.9,7.00,95,1334,396,4.194
58563,142.9,7.00,95,1334,396,4.194
58570,140.8,7.10,95,1334,396,4.194
58577,149.3,6.70,95,1334,396,4.129
58584,144.9,6.90,95,1334,396,4.129
58591,144.9,6.90,95,1334,396,4.129
58598,142.9,7.00,95,1334,396,4.129
58605,144.9,6.90,95,1334,396,4.194
58612,142.9,7.00,95,1334,396,4.194
58619,144.9,6.90,95,1334,396,4.194
58626,142.9,7.00,95,1334,396,4.194
58633,142.9,7.00,95,1334,396,4.194
58640,142.9,7.00,95,1334,396,4.194
58646,144.9,6.90,95,1334,396,4.194
58653,142.9,7.00,95,1334,396,4.194
58660,147.1,6.80,95,1334,396,4.194
58667,142.9,7.00,94,1334,396,4.194
58674,144.9,6.90,94,1334,396,4.194
58681,144.9,6.90,94,1334,396,4.194
58688,138.9,7.20,94,1334,396,4.194
58695,149.3,6.70,94,1334,396,4.194
58702,142.9,7.00,94,1334,396,4.194
58709,144.9,6.90,94,1334,396,4.194
58716,144.9,6.90,94,1334,396,4.194
58723,142.9,7.00,94,1334,396,4.194
58730,140.8,7.10,94,1334,396,4.194
58737,147.1,6.80,94,1334,396,4.194
58744,144.9,6.90,94,1334,396,4.129
58751,140.8,7.10,94,1334,396,4.129
58757,147.1,6.80,94,1334,396,4.129
58764,142.9,7.00,94,1334,396,4.129
58771,144.9,6.90,94,1334,396,4.194
58778,140.8,7.10,94,1334,396,4.194
58785,144.9,6.90,94,1334,396,4.194
58792,142.9,7.00,94,1334,396,4.194
58799,142.9,7.00,94,1334,396,4.194
58806,144.9,6.90,94,1334,396,4.194
58813,147.1,6.80,94,1334,396,4.194
58820,142.9,7.00,94,1334,396,4.194
58827,140.8,7.10,94,1334,396,4.129
58834,156.2,6.40,94,1334,396,4.129
58841,138.9,7.20,94,1334,396,4.129
58848,142.9,7.00,94,1334,396,4.129
58855,147.1,6.80,94,1334,396,4.129
58862,140.8,7.10,94,1334,396,4.129
58869,142.9,7.00,94,1334,396,4.129
58875,147.1,6.80,94,1334,396,4.129
58882,144.9,6.90,94,1334,396,4.129
58889,142.9,7.00,94,1334,396,4.129
58896,142.9,7.00,93,1334,396,4.129
58903,140.8,7.10,93,1334,396,4.129
58910,142.9,7.00,93,1334,396,4.194
58917,142.9,7.00,93,1334,396,4.194
58924,151.5,6.60,93,1334,396,4.194
58931,140.8,7.10,93,1334,396,4.194
58938,144.9,6.90,93,1334,396,4.129
58945,142.9,7.00,93,1334,396,4.129
58952,144.9,6.90,93,1334,396,4.129
58959,144.9,6.90,92,1334,396,4.129
58966,147.1,6.80,92,1334,396,4.129
58973,142.9,7.00,92,1334,396,4.129
58980,142.9,7.00,92,1334,396,4.129
58987,144.9,6.90,92,1334,396,4.129
58994,142.9,7.00,92,1334,396,4.129
59000,147.1,6.80,92,1334,396,4.129
59007,142.9,7.00,92,1334,396,4.129
59014,142.9,7.00,92,1334,396,4.129
59021,142.9,7.00,91,1334,396,4.129
59028,140.8,7.10,91,1334,396,4.129
59035,147.1,6.80,91,1334,396,4.129
59042,140.8,7.10,91,1334,396,4.129
59049,147.1,6.80,90,1334,396,4.194
59056,142.9,7.00,90,1334,396,4.194
59063,144.9,6.90,90,1334,396,4.194
59070,142.9,7.00,90,1334,396,4.194
59077,142.9,7.00,89,1334,396,4.129
59084,149.3,6.70,88,1334,396,4.129
59091,140.8,7.10,88,1334,396,4.129
59098,147.1,6.80,88,1334,396,4.129
59105,142.9,7.00,86,1334,396,4.129
59112,142.9,7.00,86,1334,396,4.129
59118,147.1,6.80,86,1334,396,4.129
59126,140.8,7.10,86,1334,396,4.129
59132,147.1,6.80,86,1334,396,4.194
59139,140.8,7.10,86,1334,396,4.194
59146,142.9,7.00,85,1334,396,4.194
59153,144.9,6.90,85,1334,396,4.194
59160,147.1,6.80,85,1334,396,4.194
59167,144.9,6.90,85,1334,396,4.194
59174,140.8,7.10,85,1334,396,4.194
59181,147.1,6.80,83,1334,396,4.194
59188,140.8,7.10,83,1334,396,4.129
59195,144.9,6.90,83,1334,396,4.129
59202,144.9,6.90,83,1334,396,4.129
59209,140.8,7.10,83,1334,396,4.129
59216,138.9,7.20,83,1334,396,4.129
59223,156.2,6.40,81,1334,396,4.129
59230,140.8,7.10,81,1334,396,4.129
59237,144.9,6.90,81,1334,396,4.129
59244,140.8,7.10,80,1334,396,4.194
59251,144.9,6.90,80,1334,396,4.194
59258,142.9,7.00,80,1334,396,4.194
59264,144.9,6.90,80,1334,396,4.194
59271,147.1,6.80,79,1334,396,4.129
59278,142.9,7.00,79,1334,396,4.129
59285,144.9,6.90,79,1334,396,4.129
59292,142.9,7.00,79,1334,396,4.129
59299,138.9,7.20,79,1334,396,4.063
59306,140.8,7.10,79,1334,396,4.063
59313,156.2,6.40,79,1334,396,4.063
59320,142.9,7.00,79,1334,396,4.063
59327,142.9,7.00,79,1334,396,4.129
59334,142.9,7.00,79,1334,396,4.129
59341,142.9,7.00,79,1334,396,4.129
59348,142.9,7.00,79,1334,396,4.129
59355,147.1,6.80,79,1334,396,4.129
59362,142.9,7.00,79,1334,396,4.129
59369,142.9,7.00,79,1334,396,4.129
59376,142.9,7.00,79,1334,396,4.129
59382,147.1,6.80,79,1334,396,4.129
59389,142.9,7.00,77,1334,396,4.129
59396,144.9,6.90,77,1334,396,4.129
59403,144.9,6.90,77,1334,396,4.129
59410,142.9,7.00,77,1334,396,4.129
59417,144.9,6.90,77,1334,396,4.129
59424,142.9,7.00,77,1334,396,4.063
59431,144.9,6.90,77,1334,396,4.063
59438,142.9,7.00,77,1334,396,4.063
59445,147.1,6.80,77,1334,396,4.063
59452,142.9,7.00,77,1334,396,4.129
59459,142.9,7.00,77,1334,396,4.129
59466,147.1,6.80,75,1334,396,4.129
59473,140.8,7.10,75,1334,396,4.129
59480,138.9,7.20,75,1334,396,4.129
59487,149.3,6.70,75,1334,396,4.129
59494,142.9,7.00,75,1334,396,4.129
59501,142.9,7.00,75,1334,396,4.129
59508,144.9,6.90,75,1334,396,4.129
59514,149.3,6.70,75,1334,396,4.129
59521,142.9,7.00,75,1334,396,4.129
59528,142.9,7.00,75,1334,396,4.129
59535,144.9,6.90,75,1334,396,4.129
59542,142.9,7.00,75,1334,396,4.129
59549,142.9,7.00,75,1334,396,4.129
59556,144.9,6.90,75,1334,396,4.129
59563,144.9,6.90,75,1334,396,4.129
59570,142.9,7.00,75,1334,396,4.129
59577,144.9,6.90,75,1334,396,4.129
59584,140.8,7.10,75,1334,396,4.129
59591,149.3,6.70,75,1334,396,4.063
59598,140.8,7.10,75,1334,396,4.063
59605,144.9,6.90,75,1334,396,4.063
59612,144.9,6.90,75,1334,396,4.063
59619,142.9,7.00,75,1334,396,4.129
59626,140.8,7.10,75,1334,396,4.129
59633,144.9,6.90,76,1334,396,4.129
59639,144.9,6.90,76,1334,396,4.129
59646,144.9,6.90,76,1334,396,4.063
59653,142.9,7.00,76,1334,396,4.063
59660,144.9,6.90,76,1334,396,4.063
59667,142.9,7.00,76,1334,396,4.063
59674,144.9,6.90,76,1334,396,4.129
59681,142.9,7.00,76,1334,396,4.129
59688,147.1,6.80,76,1334,396,4.129
59695,142.9,7.00,76,1334,396,4.129
59702,140.8,7.10,77,1334,396,4.063
59709,147.1,6.80,77,1334,396,4.063
59716,147.1,6.80,77,1334,396,4.063
59723,142.9,7.00,77,1334,396,4.063
59730,142.9,7.00,77,1334,396,4.194
59737,144.9,6.90,77,1334,396,4.194
59743,144.9,6.90,77,1334,396,4.194
59750,142.9,7.00,77,1334,396,4.194
59757,147.1,6.80,77,1334,396,4.129
59764,142.9,7.00,77,1334,396,4.129
59771,138.9,7.20,76,1334,396,4.129
59778,147.1,6.80,76,1334,396,4.129
59785,147.1,6.80,76,1334,396,4.129
59792,142.9,7.00,76,1334,396,4.129
59799,142.9,7.00,76,1334,396,4.129
59806,142.9,7.00,76,1334,396,4.129
59813,147.1,6.80,76,1334,396,4.063
59820,142.9,7.00,76,1334,396,4.063
59827,142.9,7.00,76,1334,396,4.063
59834,142.9,7.00,76,1334,396,4.063
59841,144.9,6.90,76,1334,396,3.998
59848,142.9,7.00,76,1334,396,3.998
59855,144.9,6.90,76,1334,396,3.998
59862,144.9,6.90,76,1334,396,3.998
59869,142.9,7.00,76,1334,396,4.063
59876,142.9,7.00,76,1334,396,4.063
59883,140.8,7.10,76,1334,396,4.063
59889,149.3,6.70,76,1334,396,4.063
59896,142.9,7.00,76,1334,396,4.063
59903,147.1,6.80,76,1334,396,4.063
59910,140.8,7.10,76,1334,396,4.063
59917,140.8,7.10,76,1334,396,4.063
59924,147.1,6.80,76,1334,396,4.063
59931,144.9,6.90,75,1334,396,4.063
59938,144.9,6.90,75,1334,396,4.063
59945,142.9,7.00,75,1334,396,4.063
59952,144.9,6.90,75,1334,396,4.063
59959,142.9,7.00,75,1334,396,4.063
59966,147.1,6.80,75,1334,396,4.063
59973,137.0,7.30,75,1334,396,4.063
59980,147.1,6.80,75,1334,396,4.063
59987,147.1,6.80,75,1334,396,4.063
59994,142.9,7.00,75,1334,396,4.063
60000,147.1,6.80,405,1334,396,4.063
